      83019 1   4252|1|  | | | | | | | | | | | | | | | | | | | | | | | | | 23| 84.1| 18.0| 14.5|  5.0|  0.0|-12.6|  0.0|  0.0|  0.0|
      83019 1   4303|1|  | | | | | | | | | | | | | | | | | | | | | | | | | 25| 56.9| 22.0|  5.1|  3.0|  0.0| 34.0|  0.0|  0.0|  0.0|
      83019 1   4341|1|  | | | | | | | | | | | | | | | | | | | | | | | | | 18| 59.6| 14.0|  5.9|  4.0|  0.0| 31.2|  0.0|  0.0|  0.0|
      83019 1   4363|1|  | | | | | | | | | | | | | | | | | | | | | | | | | 17| 55.7| 14.0|  7.8|  3.0|  0.0| 34.8|  0.0|  0.0|  0.0|
      83019 1   4374|1|  | | | | | | | | | | | | | | | | | | | | | | | | | 26| 50.5| 23.0| 12.3|  3.0|  0.0| 39.0|  0.0|  0.0|  0.0|
      83019 1   4388|1|  | | | | | | | | | | | | | | | | | | | | | | | | | 17| 71.0| 14.0| 16.4|  3.0|  0.0| 12.0|  0.0|  0.0|  0.0|
      83019 1   4393|1|  | | | | | | | | | | | | | | | | | | | | | | | | | 14| 67.8|  9.0| 15.3|  5.0|  0.0| 18.0|  0.0|  0.0|  0.0|
      83019 1   4395|1|  | | | | | | | | | | | | | | | | | | | | | | | | | 15| 65.0|  8.0|  4.6|  7.0|  0.0| 25.9|  0.0|  0.0|  0.0|
      83019 1   4400|1|  | | | | | | | | | | | | | | | | | | | | | | | | | 19| 67.8| 12.0|  8.3|  7.0|  0.0| 22.0|  0.0|  0.0|  0.0|
      83019 1   4404|1|  | | | | | | | | | | | | | | | | | | | | | | | | | 23| 69.1| 21.0|  6.0|  2.0|  0.0| 21.4|  0.0|  0.0|  0.0|
      83019 1   4454|1|  | | | | | | | | | | | | | | | | | | | | | | | | | 17| 39.6| 13.0| 14.5|  4.0|  0.0| 49.7|  0.0|  0.0|  0.0|
      83019 1   4477|1|  | | | | | | | | | | | | | | | | | | | | | | | | | 16| 72.9| 10.0| 12.8|  6.0|  0.0| 13.3|  0.0|  0.0|  0.0|
      83019 1   4500|1|  | | | | | | | | | | | | | | | | | | | | | | | | | 12| 59.1|  9.0|  1.5|  3.0|  0.0| 32.2|  0.0|  0.0|  0.0|
      83019 1   4503|1|  | | | | | | | | | | | | | | | | | | | | | | | | | 18| 72.4| 15.0| 17.5|  3.0|  0.0|  7.4|  0.0|  0.0|  0.0|
      83019 1   4512|1|  | | | | | | | | | | | | | | | | | | | | | | | | | 11| 60.9|  8.0|  5.4|  3.0|  0.0| 30.0|  0.0|  0.0|  0.0|
      83019 1   4558|1|  | | | | | | | | | | | | | | | | | | | | | | | | | 18| 76.5| 15.0| 24.0|  3.0|  0.0|-18.9|  0.0|  0.0|  0.0|
      83019 1   4566|1|  | | | | | | | | | | | | | | | | | | | | | | | | | 15| 76.3| 10.0| 17.0|  5.0|  0.0| -7.9|  0.0|  0.0|  0.0|
      83019 1   4568|1|  | | | | | | | | | | | | | | | | | | | | | | | | | 22| 70.6| 17.0|  3.7|  5.0|  0.0| 20.4|  0.0|  0.0|  0.0|
      83019 1   4682|1|  | | | | | | | | | | | | | | | | | | | | | | | | | 22| 77.2| 18.0| 17.6|  4.0|  0.0|-10.6|  0.0|  0.0|  0.0|
      83019 1   4696|1|  | | | | | | | | | | | | | | | | | | | | | | | | | 12| 49.7|  7.0| 10.3|  5.0|  0.0| 40.4|  0.0|  0.0|  0.0|
      83019 1   4708|1|  | | | | | | | | | | | | | | | | | | | | | | | | | 17| 67.7| 12.0| 15.3|  5.0|  0.0| 18.1|  0.0|  0.0|  0.0|
      83019 1   4718|1|  | | | | | | | | | | | | | | | | | | | | | | | | | 15| 72.7| 13.0|  3.4|  2.0|  0.0| 18.3|  0.0|  0.0|  0.0|
      83019 1   4725|1|  | | | | | | | | | | | | | | | | | | | | | | | | | 22| 60.9| 17.0| 16.0|  5.0|  0.0| 25.9|  0.0|  0.0|  0.0|
      83019 1   4736|1|  | | | | | | | | | | | | | | | | | | | | | | | | | 17| 53.2| 10.0|  2.2|  7.0|  0.0| 38.1|  0.0|  0.0|  0.0|
      83019 1   4744|1|  | | | | | | | | | | | | | | | | | | | | | | | | | 17| 62.8| 12.0|  5.4|  5.0|  0.0| 28.1|  0.0|  0.0|  0.0|
      83019 1   4748|1|  | | | | | | | | | | | | | | | | | | | | | | | | | 20| 52.9| 16.0| 13.0|  4.0|  0.0| 36.2|  0.0|  0.0|  0.0|
      83019 1   4750|1|  | | | | | | | | | | | | | | | | | | | | | | | | | 25| 78.9| 18.0| 15.8|  7.0|  0.0| -9.6|  0.0|  0.0|  0.0|
      83019 1   4754|1|  | | | | | | | | | | | | | | | | | | | | | | | | | 13| 53.9| 11.0| 13.8|  2.0|  0.0| 34.8|  0.0|  0.0|  0.0|
      83019 1   4796|1|  | | | | | | | | | | | | | | | | | | | | | | | | | 21| 86.9| 12.0|  9.8|  9.0|  0.0| -8.7|  0.0|  0.0|  0.0|
      83019 1   4800|1|  | | | | | | | | | | | | | | | | | | | | | | | | | 18| 63.0| 14.0|  5.5|  4.0|  0.0| 27.8|  0.0|  0.0|  0.0|
      83019 1   4833|1|  | | | | | | | | | | | | | | | | | | | | | | | | | 29| 66.7| 23.0|  6.7|  6.0|  0.0| 23.7|  0.0|  0.0|  0.0|
      83019 1   4841|1|  | | | | | | | | | | | | | | | | | | | | | | | | | 18| 34.3| 12.0| 14.8|  6.0|  0.0| 55.1|  0.0|  0.0|  0.0|
      83019 1   4856|1|  | | | | | | | | | | | | | | | | | | | | | | | | | 21| 76.0| 15.0|  4.5|  6.0|  0.0| 14.7|  0.0|  0.0|  0.0|
      83019 1   4872|1|  | | | | | | | | | | | | | | | | | | | | | | | | | 17| 60.2| 15.0|  2.7|  2.0|  0.0| 31.0|  0.0|  0.0|  0.0|
      83019 1   4899|1|  | | | | | | | | | | | | | | | | | | | | | | | | | 26| 58.5| 20.0|  6.1|  6.0|  0.0| 32.3|  0.0|  0.0|  0.0|
      83019 1   4913|1|  | | | | | | | | | | | | | | | | | | | | | | | | | 19| 72.0| 17.0| 11.3|  2.0|  0.0| 15.7|  0.0|  0.0|  0.0|
      83019 1   4926|1|  | | | | | | | | | | | | | | | | | | | | | | | | | 19| 80.8| 17.0|  1.9|  2.0|  0.0| 10.4|  0.0|  0.0|  0.0|
      83019 1   4938|1|  | | | | | | | | | | | | | | | | | | | | | | | | | 15| 48.5| 10.0| 15.1|  5.0|  0.0| 40.2|  0.0|  0.0|  0.0|
      83019 1   4957|1|  | | | | | | | | | | | | | | | | | | | | | | | | | 19| 64.2| 16.0|  3.3|  3.0|  0.0| 26.9|  0.0|  0.0|  0.0|
      83019 1   4985|1|  | | | | | | | | | | | | | | | | | | | | | | | | | 18| 52.5| 13.0|  7.6|  5.0|  0.0| 38.1|  0.0|  0.0|  0.0|
      83019 1   4989|1|  | | | | | | | | | | | | | | | | | | | | | | | | | 15| 41.5| 12.0|  6.0|  3.0|  0.0| 49.5|  0.0|  0.0|  0.0|
      83019 1   4991|1|  | | | | | | | | | | | | | | | | | | | | | | | | | 25| 77.0| 24.0|  9.3|  1.0|  0.0| 10.9|  0.0|  0.0|  0.0|
      83019 1   5003|1|  | | | | | | | | | | | | | | | | | | | | | | | | | 13| 68.2| 11.0|  6.9|  2.0|  0.0| 22.1|  0.0|  0.0|  0.0|
      83019 1   5009|1|  | | | | | | | | | | | | | | | | | | | | | | | | | 13| 77.8|  6.0| 20.5|  7.0|  0.0|-15.4|  0.0|  0.0|  0.0|
      83019 1   5036|1|  | | | | | | | | | | | | | | | | | | | | | | | | | 19| 59.0| 18.0|  4.0|  1.0|  0.0| 32.1|  0.0|  0.0|  0.0|
      83019 1   5063|1|  | | | | | | | | | | | | | | | | | | | | | | | | | 11| 41.4|  9.0| 31.3|  2.0|  0.0| 38.9|  0.0|  0.0|  0.0|
      83019 1   5077|1|  | | | | | | | | | | | | | | | | | | | | | | | | | 27| 91.8| 19.0| 24.4|  8.0|  0.0|-24.4|  0.0|  0.0|  0.0|
      83019 1   5086|1|  | | | | | | | | | | | | | | | | | | | | | | | | | 25| 74.4| 22.0|  4.1|  3.0|  0.0| 16.5|  0.0|  0.0|  0.0|
      83019 1   5097|1|  | | | | | | | | | | | | | | | | | | | | | | | | | 20| 63.1| 18.0|  1.5|  2.0|  0.0| 28.2|  0.0|  0.0|  0.0|
      83019 1   5130|1|  | | | | | | | | | | | | | | | | | | | | | | | | | 21| 52.9| 17.0| 14.3|  4.0|  0.0| 35.7|  0.0|  0.0|  0.0|
      83019 1   5157|1|  | | | | | | | | | | | | | | | | | | | | | | | | | 24| 83.0| 20.0|  2.6|  4.0|  0.0|  7.9|  0.0|  0.0|  0.0|
      83019 1   5162|1|  | | | | | | | | | | | | | | | | | | | | | | | | |  2| 89.2|  2.0|  4.4|  0.0|  0.0| -3.9|  0.0|  0.0|  0.0|
      83019 1   5188|1|  | | | | | | | | | | | | | | | | | | | | | | | | | 19| 67.3| 19.0| 11.2|  0.0|  0.0| 21.3|  0.0|  0.0|  0.0|
      83019 1   5207|1|  | | | | | | | | | | | | | | | | | | | | | | | | | 20| 89.6| 16.0|  2.0|  4.0|  0.0| -0.8|  0.0|  0.0|  0.0|
      83019 1   5221|1|  | | | | | | | | | | | | | | | | | | | | | | | | | 11| 73.1|  9.0|  1.8|  2.0|  0.0| 18.2|  0.0|  0.0|  0.0|
      83019 1   5232|1|  | | | | | | | | | | | | | | | | | | | | | | | | | 21| 63.1| 12.0|  7.2|  9.0|  0.0| 27.4|  0.0|  0.0|  0.0|
      83019 1   5247|1|  | | | | | | | | | | | | | | | | | | | | | | | | | 24| 68.8| 17.0|  9.1|  7.0|  0.0| 20.6|  0.0|  0.0|  0.0|
      83019 1   5248|1|  | | | | | | | | | | | | | | | | | | | | | | | | | 31| 80.4| 27.0|  8.8|  4.0|  0.0|  6.6|  0.0|  0.0|  0.0|
      83019 1   5285|1|  | | | | | | | | | | | | | | | | | | | | | | | | |  2| 97.2|  2.0|  5.2|  0.0|  0.0|  2.7|  0.0|  0.0|  0.0|
      83019 1   5307|1|  | | | | | | | | | | | | | | | | | | | | | | | | | 25| 83.0| 20.0|  3.7|  5.0|  0.0|  7.5|  0.0|  0.0|  0.0|
      83019 1   5321|1|  | | | | | | | | | | | | | | | | | | | | | | | | | 23| 78.0| 17.0| 14.5|  6.0|  0.0| -5.4|  0.0|  0.0|  0.0|
      83019 1   5351|1|  | | | | | | | | | | | | | | | | | | | | | | | | | 12| 76.2|  8.0| 20.9|  4.0|  0.0|-14.3|  0.0|  0.0|  0.0|
      83019 1   5355|1|  | | | | | | | | | | | | | | | | | | | | | | | | |  2| 78.6|  2.0| 16.2|  0.0|  0.0| -9.9|  0.0|  0.0|  0.0|
      83019 1   5420|1|  | | | | | | | | | | | | | | | | | | | | | | | | | 12| 47.5|  7.0| 14.2|  5.0|  0.0| 41.5|  0.0|  0.0|  0.0|
      83019 1   5424|1|  | | | | | | | | | | | | | | | | | | | | | | | | |  9| 41.1|  8.0| 21.5|  1.0|  0.0| 45.4|  0.0|  0.0|  0.0|
      83019 1   5426|1|  | | | | | | | | | | | | | | | | | | | | | | | | | 15| 50.3| 13.0| 20.2|  2.0|  0.0| 35.8|  0.0|  0.0|  0.0|
      83019 1   5431|1|  | | | | | | | | | | | | | | | | | | | | | | | | | 20| 54.2| 18.0|  7.6|  2.0|  0.0| 36.4|  0.0|  0.0|  0.0|
      83019 1   5469|1|  | | | | | | | | | | | | | | | | | | | | | | | | |  2| 22.6|  2.0|  9.3|  0.0|  0.0| 68.1|  0.0|  0.0|  0.0|
      83019 1   5494|1|  | | | | | | | | | | | | | | | | | | | | | | | | | 15| 68.4| 10.0|  8.8|  5.0|  0.0| 21.2|  0.0|  0.0|  0.0|
      83019 1   5500|1|  | | | | | | | | | | | | | | | | | | | | | | | | | 18| 68.2| 14.0| 18.2|  4.0|  0.0| 14.3|  0.0|  0.0|  0.0|
      83019 1   5516|1|  | | | | | | | | | | | | | | | | | | | | | | | | | 17| 70.5| 12.0| 40.1|  5.0|  0.0|-34.2|  0.0|  0.0|  0.0|
      83019 1   5556|1|  | | | | | | | | | | | | | | | | | | | | | | | | | 24| 90.6| 19.0|  5.6|  5.0|  0.0| -5.5|  0.0|  0.0|  0.0|
      83019 1   5585|1|  | | | | | | | | | | | | | | | | | | | | | | | | | 18| 43.6| 16.0|  3.5|  2.0|  0.0| 47.7|  0.0|  0.0|  0.0|
      83019 1   5599|1|  | | | | | | | | | | | | | | | | | | | | | | | | | 19| 67.2| 11.0|  3.4|  8.0|  0.0| 23.9|  0.0|  0.0|  0.0|
      83019 1   5612|1|  | | | | | | | | | | | | | | | | | | | | | | | | | 17| 60.3| 13.0|  6.1|  4.0|  0.0| 30.5|  0.0|  0.0|  0.0|
      83019 1   5622|1|  | | | | | | | | | | | | | | | | | | | | | | | | | 28| 88.1| 19.0| 15.2|  9.0|  0.0|-14.9|  0.0|  0.0|  0.0|
      83019 1   5632|1|  | | | | | | | | | | | | | | | | | | | | | | | | | 20| 68.7| 17.0| 16.4|  3.0|  0.0| 15.6|  0.0|  0.0|  0.0|
      83019 1   5695|1|  | | | | | | | | | | | | | | | | | | | | | | | | |  4| 56.1|  2.0| 12.1|  2.0|  0.0| 33.1|  0.0|  0.0|  0.0|
      83019 1   5753|1|  | | | | | | | | | | | | | | | | | | | | | | | | | 19| 75.5| 14.0| 17.2|  5.0|  0.0| -6.7|  0.0|  0.0|  0.0|
      83019 1   5782|1|  | | | | | | | | | | | | | | | | | | | | | | | | | 20| 67.9| 15.0|  3.6|  5.0|  0.0| 23.2|  0.0|  0.0|  0.0|
      83019 1   5783|1|  | | | | | | | | | | | | | | | | | | | | | | | | | 16| 71.7|  8.0|  9.1|  8.0|  0.0| 17.4|  0.0|  0.0|  0.0|
      83019 1   5794|1|  | | | | | | | | | | | | | | | | | | | | | | | | | 21| 73.9| 17.0|  5.7|  4.0|  0.0| 16.5|  0.0|  0.0|  0.0|
      83019 1   5805|1|  | | | | | | | | | | | | | | | | | | | | | | | | | 18| 45.7| 13.0|  7.9|  5.0|  0.0| 45.0|  0.0|  0.0|  0.0|
      83019 1   5833|1|  | | | | | | | | | | | | | | | | | | | | | | | | | 22| 60.6| 18.0| 15.7|  4.0|  0.0| 26.5|  0.0|  0.0|  0.0|
      83019 1   5859|1|  | | | | | | | | | | | | | | | | | | | | | | | | |  2|  7.3|  2.0|  0.2|  0.0|  0.0| 84.1|  0.0|  0.0|  0.0|
      83019 1   5881|1|  | | | | | | | | | | | | | | | | | | | | | | | | | 19| 70.9| 13.0|  1.1|  6.0|  0.0| 20.4|  0.0|  0.0|  0.0|
      83019 1   5962|1|  | | | | | | | | | | | | | | | | | | | | | | | | |  8| 58.3|  6.0| 32.7|  2.0|  0.0|  4.9|  0.0|  0.0|  0.0|
      83019 1   5966|1|  | | | | | | | | | | | | | | | | | | | | | | | | |  9| 11.8|  8.0|  9.5|  1.0|  0.0| 79.0|  0.0|  0.0|  0.0|
      83019 1   5996|1|  | | | | | | | | | | | | | | | | | | | | | | | | | 21| 62.0| 15.0|  4.8|  6.0|  0.0| 29.0|  0.0|  0.0|  0.0|
      83019 1   6030|1|  | | | | | | | | | | | | | | | | | | | | | | | | | 17| 69.2| 13.0| 10.6|  4.0|  0.0| 19.5|  0.0|  0.0|  0.0|
      83019 1   6041|1|  | | | | | | | | | | | | | | | | | | | | | | | | | 18| 67.4| 15.0| 17.6|  3.0|  0.0| 16.3|  0.0|  0.0|  0.0|
      83019 1   6060|1|  | | | | | | | | | | | | | | | | | | | | | | | | | 23| 57.8| 20.0| 11.1|  3.0|  0.0| 31.6|  0.0|  0.0|  0.0|
      83019 1   6076|1|  | | | | | | | | | | | | | | | | | | | | | | | | | 17| 59.1| 13.0| 22.6|  4.0|  0.0| 23.1|  0.0|  0.0|  0.0|
      83019 1   6102|1|  | | | | | | | | | | | | | | | | | | | | | | | | | 17| 67.8| 12.0| 10.4|  5.0|  0.0| 21.1|  0.0|  0.0|  0.0|
      83019 1   6109|1|  | | | | | | | | | | | | | | | | | | | | | | | | | 21| 69.4| 18.0| 25.7|  3.0|  0.0|-13.4|  0.0|  0.0|  0.0|
      83019 1   6120|1|  | | | | | | | | | | | | | | | | | | | | | | | | | 21| 74.6| 17.0|  7.1|  4.0|  0.0| 15.2|  0.0|  0.0|  0.0|
      83019 1   6122|1|  | | | | | | | | | | | | | | | | | | | | | | | | | 33| 85.3| 23.0|  9.4| 10.0|  0.0| -7.2|  0.0|  0.0|  0.0|
      83019 1   6128|1|  | | | | | | | | | | | | | | | | | | | | | | | | |  3| 10.9|  3.0| 10.9|  0.0|  0.0| 79.7|  0.0|  0.0|  0.0|
      83019 1   6129|1|  | | | | | | | | | | | | | | | | | | | | | | | | | 18| 92.9| 10.0| 17.8|  8.0|  0.0|-17.7|  0.0|  0.0|  0.0|
      83019 1   6140|1|  | | | | | | | | | | | | | | | | | | | | | | | | |  2| 94.2|  2.0|  0.9|  0.0|  0.0|  2.6|  0.0|  0.0|  0.0|
