      89240 1      6|1|  | | | | | | | | | | | | | | | | | | | | | | | | | 22| 63.5| 19.0| 14.6|  3.0|  0.0| 23.6|  0.0|  0.0|  0.0|
      89240 1      9|1|  | | | | | | | | | | | | | | | | | | | | | | | | | 18| 85.8| 14.0|  7.5|  4.0|  0.0| -5.1|  0.0|  0.0|  0.0|
      89240 1     33|1|  | | | | | | | | | | | | | | | | | | | | | | | | | 17|122.7| 13.0| 50.7|  4.0|  0.0|-39.7|  0.0|  0.0|  0.0|
      89240 1     36|1|  | | | | | | | | | | | | | | | | | | | | | | | | | 24| 65.0| 22.0|  5.8|  2.0|  0.0| 25.5|  0.0|  0.0|  0.0|
      89240 1     68|1|  | | | | | | | | | | | | | | | | | | | | | | | | |  4| 89.8|  2.0| 15.3|  2.0|  0.0|-15.2|  0.0|  0.0|  0.0|
      89240 1     85|1|  | | | | | | | | | | | | | | | | | | | | | | | | | 20| 49.4| 19.0|  8.6|  1.0|  0.0| 40.9|  0.0|  0.0|  0.0|
      89240 1     86|1|  | | | | | | | | | | | | | | | | | | | | | | | | | 17| 83.9| 14.0|  7.0|  3.0|  0.0|  2.1|  0.0|  0.0|  0.0|
      89240 1    108|1|  | | | | | | | | | | | | | | | | | | | | | | | | | 27| 64.3| 24.0|  3.7|  3.0|  0.0| 26.6|  0.0|  0.0|  0.0|
      89240 1    123|1|  | | | | | | | | | | | | | | | | | | | | | | | | | 14| 81.4| 10.0| 55.1|  4.0|  0.0|-54.2|  0.0|  0.0|  0.0|
      89240 1    134|1|  | | | | | | | | | | | | | | | | | | | | | | | | | 22| 73.3| 15.0| 10.0|  7.0|  0.0| 14.9|  0.0|  0.0|  0.0|
      89240 1    141|1|  | | | | | | | | | | | | | | | | | | | | | | | | |  2| 31.7|  2.0|  0.5|  0.0|  0.0| 59.5|  0.0|  0.0|  0.0|
      89240 1    189|1|  | | | | | | | | | | | | | | | | | | | | | | | | | 11| 73.0| 10.0|  7.5|  1.0|  0.0| 16.6|  0.0|  0.0|  0.0|
      89240 1    205|1|  | | | | | | | | | | | | | | | | | | | | | | | | | 18| 83.3| 14.0|  3.7|  4.0|  0.0|  7.0|  0.0|  0.0|  0.0|
      89240 1    211|1|  | | | | | | | | | | | | | | | | | | | | | | | | | 20| 59.3| 15.0| 12.3|  5.0|  0.0| 29.5|  0.0|  0.0|  0.0|
      89240 1    221|1|  | | | | | | | | | | | | | | | | | | | | | | | | |  5| 17.5|  2.0|  4.1|  3.0|  0.0| 73.6|  0.0|  0.0|  0.0|
      89240 1    233|1|  | | | | | | | | | | | | | | | | | | | | | | | | | 16| 74.6| 11.0| 12.0|  5.0|  0.0| 11.4|  0.0|  0.0|  0.0|
      89240 1    256|1|  | | | | | | | | | | | | | | | | | | | | | | | | |  2| 93.0|  2.0|  2.7|  0.0|  0.0| -2.1|  0.0|  0.0|  0.0|
      89240 1    264|1|  | | | | | | | | | | | | | | | | | | | | | | | | | 11| 21.6|  9.0|  7.9|  2.0|  0.0| 69.1|  0.0|  0.0|  0.0|
      89240 1    328|1|  | | | | | | | | | | | | | | | | | | | | | | | | | 16| 63.0| 11.0| 13.8|  5.0|  0.0| 24.6|  0.0|  0.0|  0.0|
      89240 1    335|1|  | | | | | | | | | | | | | | | | | | | | | | | | | 22| 82.3| 16.0| 12.1|  6.0|  0.0| -8.1|  0.0|  0.0|  0.0|
      89240 1    342|1|  | | | | | | | | | | | | | | | | | | | | | | | | | 27|101.3| 24.0|  9.7|  3.0|  0.0|  2.9|  0.0|  0.0|  0.0|
      89240 1    360|1|  | | | | | | | | | | | | | | | | | | | | | | | | | 20| 58.2| 15.0| 22.7|  5.0|  0.0| 24.0|  0.0|  0.0|  0.0|
      89240 1    361|1|  | | | | | | | | | | | | | | | | | | | | | | | | | 24| 60.6| 19.0| 17.4|  5.0|  0.0| 25.2|  0.0|  0.0|  0.0|
      89240 1    372|1|  | | | | | | | | | | | | | | | | | | | | | | | | | 14| 77.2| 10.0|  5.9|  4.0|  0.0| 12.7|  0.0|  0.0|  0.0|
      89240 1    377|1|  | | | | | | | | | | | | | | | | | | | | | | | | | 15| 76.5|  8.0| 13.7|  7.0|  0.0|  5.3|  0.0|  0.0|  0.0|
      89240 1    380|1|  | | | | | | | | | | | | | | | | | | | | | | | | |  2| 81.7|  2.0|  2.0|  0.0|  0.0|  9.3|  0.0|  0.0|  0.0|
      89240 1    403|1|  | | | | | | | | | | | | | | | | | | | | | | | | | 18| 41.0| 14.0| 21.5|  4.0|  0.0| 45.4|  0.0|  0.0|  0.0|
      89240 1    411|1|  | | | | | | | | | | | | | | | | | | | | | | | | | 19| 49.5| 16.0| 13.5|  3.0|  0.0| 39.5|  0.0|  0.0|  0.0|
      89240 1    413|1|  | | | | | | | | | | | | | | | | | | | | | | | | | 23| 63.2| 17.0|  2.5|  6.0|  0.0| 27.9|  0.0|  0.0|  0.0|
      89240 1    434|1|  | | | | | | | | | | | | | | | | | | | | | | | | | 18| 71.3| 17.0|  2.1|  1.0|  0.0| 19.8|  0.0|  0.0|  0.0|
      89240 1    443|1|  | | | | | | | | | | | | | | | | | | | | | | | | |  2| 87.1|  2.0|  0.7|  0.0|  0.0|  4.1|  0.0|  0.0|  0.0|
      89240 1    448|1|  | | | | | | | | | | | | | | | | | | | | | | | | | 28| 69.0| 26.0|  0.9|  2.0|  0.0| 22.2|  0.0|  0.0|  0.0|
      89240 1    482|1|  | | | | | | | | | | | | | | | | | | | | | | | | | 21| 84.4| 17.0|  3.2|  4.0|  0.0|  6.0|  0.0|  0.0|  0.0|
      89240 1    483|1|  | | | | | | | | | | | | | | | | | | | | | | | | | 10| 49.5|  7.0|  0.8|  3.0|  0.0| 41.7|  0.0|  0.0|  0.0|
      89240 1    490|1|  | | | | | | | | | | | | | | | | | | | | | | | | | 12| 65.7| 11.0|  7.6|  1.0|  0.0| 24.3|  0.0|  0.0|  0.0|
      89240 1    504|1|  | | | | | | | | | | | | | | | | | | | | | | | | | 25| 72.1| 22.0|  3.4|  3.0|  0.0| 18.8|  0.0|  0.0|  0.0|
      89240 1    508|1|  | | | | | | | | | | | | | | | | | | | | | | | | | 18| 70.7| 16.0|  7.1|  2.0|  0.0| 19.2|  0.0|  0.0|  0.0|
      89240 1    513|1|  | | | | | | | | | | | | | | | | | | | | | | | | | 28| 70.5| 20.0| 12.7|  8.0|  0.0| 16.4|  0.0|  0.0|  0.0|
      89240 1    528|1|  | | | | | | | | | | | | | | | | | | | | | | | | | 29| 60.7| 24.0|  8.4|  5.0|  0.0| 29.4|  0.0|  0.0|  0.0|
      89240 1    532|1|  | | | | | | | | | | | | | | | | | | | | | | | | | 20| 92.0| 15.0| 24.8|  5.0|  0.0|-24.8|  0.0|  0.0|  0.0|
      89240 1    541|1|  | | | | | | | | | | | | | | | | | | | | | | | | | 17| 63.0| 14.0|  8.9|  3.0|  0.0| 26.8|  0.0|  0.0|  0.0|
      89240 1    545|1|  | | | | | | | | | | | | | | | | | | | | | | | | | 17| 52.8| 10.0| 14.1|  7.0|  0.0| 35.7|  0.0|  0.0|  0.0|
      89240 1    546|1|  | | | | | | | | | | | | | | | | | | | | | | | | |  4| 41.4|  3.0| 15.6|  1.0|  0.0| 47.3|  0.0|  0.0|  0.0|
      89240 1    559|1|  | | | | | | | | | | | | | | | | | | | | | | | | | 26| 65.9| 19.0|  2.5|  7.0|  0.0| 25.2|  0.0|  0.0|  0.0|
      89240 1    563|1|  | | | | | | | | | | | | | | | | | | | | | | | | | 29| 62.4| 23.0|  2.5|  6.0|  0.0| 28.7|  0.0|  0.0|  0.0|
      89240 1    583|1|  | | | | | | | | | | | | | | | | | | | | | | | | | 19| 50.7| 14.0|  2.7|  5.0|  0.0| 40.4|  0.0|  0.0|  0.0|
      89240 1    602|1|  | | | | | | | | | | | | | | | | | | | | | | | | | 24| 40.8| 22.0|  6.0|  2.0|  0.0| 50.0|  0.0|  0.0|  0.0|
      89240 1    603|1|  | | | | | | | | | | | | | | | | | | | | | | | | | 19| 48.8| 15.0| 23.0|  4.0|  0.0| 35.6|  0.0|  0.0|  0.0|
      89240 1    608|1|  | | | | | | | | | | | | | | | | | | | | | | | | | 27| 90.7| 24.0|  9.0|  3.0|  0.0| -9.0|  0.0|  0.0|  0.0|
      89240 1    652|1|  | | | | | | | | | | | | | | | | | | | | | | | | |  6| 52.2|  4.0| 36.2|  2.0|  0.0| 14.7|  0.0|  0.0|  0.0|
      89240 1    670|1|  | | | | | | | | | | | | | | | | | | | | | | | | | 25| 52.2| 16.0| 13.6|  9.0|  0.0| 36.6|  0.0|  0.0|  0.0|
      89240 1    674|1|  | | | | | | | | | | | | | | | | | | | | | | | | | 19| 62.3| 15.0| 10.2|  4.0|  0.0| 27.1|  0.0|  0.0|  0.0|
      89240 1    675|1|  | | | | | | | | | | | | | | | | | | | | | | | | | 22| 83.7| 18.0|  4.7|  4.0|  0.0|  5.9|  0.0|  0.0|  0.0|
      89240 1    682|1|  | | | | | | | | | | | | | | | | | | | | | | | | | 12| 56.2|  9.0| 21.3|  3.0|  0.0| 27.8|  0.0|  0.0|  0.0|
      89240 1    689|1|  | | | | | | | | | | | | | | | | | | | | | | | | | 19| 69.1| 16.0|  4.4|  3.0|  0.0| 21.7|  0.0|  0.0|  0.0|
      89240 1    719|1|  | | | | | | | | | | | | | | | | | | | | | | | | |  2| 75.3|  2.0| 14.3|  0.0|  0.0|  7.1|  0.0|  0.0|  0.0|
      89240 1    720|1|  | | | | | | | | | | | | | | | | | | | | | | | | | 14| 60.7|  9.0| 11.0|  5.0|  0.0| 28.4|  0.0|  0.0|  0.0|
      89240 1    729|1|  | | | | | | | | | | | | | | | | | | | | | | | | | 14| 67.7| 11.0|  5.7|  3.0|  0.0| 22.8|  0.0|  0.0|  0.0|
      89240 1    742|1|  | | | | | | | | | | | | | | | | | | | | | | | | | 21| 69.7| 17.0|  9.0|  4.0|  0.0| 19.6|  0.0|  0.0|  0.0|
      89240 1    751|1|  | | | | | | | | | | | | | | | | | | | | | | | | | 24| 69.9| 21.0|  2.1|  3.0|  0.0| 21.2|  0.0|  0.0|  0.0|
      89240 1    773|1|  | | | | | | | | | | | | | | | | | | | | | | | | | 14| 78.1|  8.0|  5.3|  6.0|  0.0| 12.0|  0.0|  0.0|  0.0|
      89240 1    799|1|  | | | | | | | | | | | | | | | | | | | | | | | | | 20| 78.3| 13.0|  4.7|  7.0|  0.0| 12.0|  0.0|  0.0|  0.0|
      89240 1    821|1|  | | | | | | | | | | | | | | | | | | | | | | | | | 15| 83.1| 11.0| 10.4|  4.0|  0.0| -6.5|  0.0|  0.0|  0.0|
      89240 1    841|1|  | | | | | | | | | | | | | | | | | | | | | | | | | 20| 46.8| 18.0| 16.3|  2.0|  0.0| 41.3|  0.0|  0.0|  0.0|
      89240 1    843|1|  | | | | | | | | | | | | | | | | | | | | | | | | | 19| 39.9| 13.0| 15.4|  6.0|  0.0| 48.9|  0.0|  0.0|  0.0|
      89240 1    847|1|  | | | | | | | | | | | | | | | | | | | | | | | | | 28|117.2| 20.0| 18.2|  8.0|  0.0| 18.5|  0.0|  0.0|  0.0|
      89240 1    873|1|  | | | | | | | | | | | | | | | | | | | | | | | | | 30| 68.2| 26.0|  6.7|  4.0|  0.0| 22.0|  0.0|  0.0|  0.0|
      89240 1    877|1|  | | | | | | | | | | | | | | | | | | | | | | | | | 19| 89.9| 14.0| 12.7|  5.0|  0.0|-12.6|  0.0|  0.0|  0.0|
      89240 1    898|1|  | | | | | | | | | | | | | | | | | | | | | | | | | 16| 72.2| 14.0|  9.5|  2.0|  0.0| 16.5|  0.0|  0.0|  0.0|
      89240 1    911|1|  | | | | | | | | | | | | | | | | | | | | | | | | | 16| 67.7|  8.0|  6.3|  8.0|  0.0| 22.6|  0.0|  0.0|  0.0|
      89240 1    937|1|  | | | | | | | | | | | | | | | | | | | | | | | | | 21| 67.8| 16.0|  9.2|  5.0|  0.0| 21.5|  0.0|  0.0|  0.0|
      89240 1    942|1|  | | | | | | | | | | | | | | | | | | | | | | | | | 18| 71.5| 12.0|  6.2|  6.0|  0.0| 18.8|  0.0|  0.0|  0.0|
      89240 1    951|1|  | | | | | | | | | | | | | | | | | | | | | | | | |  2| 82.8|  2.0|  7.2|  0.0|  0.0|  4.5|  0.0|  0.0|  0.0|
      89240 1    956|1|  | | | | | | | | | | | | | | | | | | | | | | | | | 16| 30.8| 12.0| 12.0|  4.0|  0.0| 59.3|  0.0|  0.0|  0.0|
      89240 1    958|1|  | | | | | | | | | | | | | | | | | | | | | | | | | 22| 77.7| 16.0|  8.4|  6.0|  0.0| 10.6|  0.0|  0.0|  0.0|
      89240 1    962|1|  | | | | | | | | | | | | | | | | | | | | | | | | | 17| 85.9| 14.0|  0.5|  3.0|  0.0|  5.3|  0.0|  0.0|  0.0|
      89240 1    963|1|  | | | | | | | | | | | | | | | | | | | | | | | | | 19| 51.3| 16.0|  8.5|  3.0|  0.0| 39.0|  0.0|  0.0|  0.0|
      89240 1    989|1|  | | | | | | | | | | | | | | | | | | | | | | | | |  4| 31.1|  3.0| 25.6|  1.0|  0.0| 54.3|  0.0|  0.0|  0.0|
      89240 1   1014|1|  | | | | | | | | | | | | | | | | | | | | | | | | |  3| 11.9|  2.0|  9.5|  1.0|  0.0| 78.8|  0.0|  0.0|  0.0|
      89240 1   1021|1|  | | | | | | | | | | | | | | | | | | | | | | | | | 14| 53.0| 11.0| 16.7|  3.0|  0.0| 34.3|  0.0|  0.0|  0.0|
      89240 1   1027|1|  | | | | | | | | | | | | | | | | | | | | | | | | | 16| 53.5| 11.0|  3.2|  5.0|  0.0| 37.6|  0.0|  0.0|  0.0|
      89240 1   1034|1|  | | | | | | | | | | | | | | | | | | | | | | | | |  2| 88.0|  2.0|  0.7|  0.0|  0.0|  3.1|  0.0|  0.0|  0.0|
      89240 1   1036|1|  | | | | | | | | | | | | | | | | | | | | | | | | |  3| 38.2|  2.0| 11.5|  1.0|  0.0| 51.7|  0.0|  0.0|  0.0|
      89240 1   1044|1|  | | | | | | | | | | | | | | | | | | | | | | | | | 25| 75.7| 20.0| 17.0|  5.0|  0.0| -7.0|  0.0|  0.0|  0.0|
      89240 1   1055|1|  | | | | | | | | | | | | | | | | | | | | | | | | | 22| 61.2| 20.0|  2.5|  2.0|  0.0| 29.9|  0.0|  0.0|  0.0|
      89240 1   1097|1|  | | | | | | | | | | | | | | | | | | | | | | | | | 18| 65.0| 10.0| 19.6|  8.0|  0.0| 17.4|  0.0|  0.0|  0.0|
      89240 1   1098|1|  | | | | | | | | | | | | | | | | | | | | | | | | | 18| 64.9| 12.0| 16.0|  6.0|  0.0| 20.8|  0.0|  0.0|  0.0|
      89240 1   1114|1|  | | | | | | | | | | | | | | | | | | | | | | | | | 16| 68.8| 13.0| 12.9|  3.0|  0.0| 18.3|  0.0|  0.0|  0.0|
      89240 1   1125|1|  | | | | | | | | | | | | | | | | | | | | | | | | |  2| 22.6|  2.0|  3.2|  0.0|  0.0| 68.5|  0.0|  0.0|  0.0|
      89240 1   1134|1|  | | | | | | | | | | | | | | | | | | | | | | | | | 33| 64.0| 26.0| 11.8|  7.0|  0.0| 24.5|  0.0|  0.0|  0.0|
      89240 1   1137|1|  | | | | | | | | | | | | | | | | | | | | | | | | | 18| 49.0| 15.0|  2.3|  3.0|  0.0| 42.1|  0.0|  0.0|  0.0|
      89240 1   1141|1|  | | | | | | | | | | | | | | | | | | | | | | | | | 17| 72.8| 16.0|  3.2|  1.0|  0.0| 18.1|  0.0|  0.0|  0.0|
      89240 1   1145|1|  | | | | | | | | | | | | | | | | | | | | | | | | | 13| 60.7|  6.0| 12.4|  7.0|  0.0| 27.9|  0.0|  0.0|  0.0|
      89240 1   1169|1|  | | | | | | | | | | | | | | | | | | | | | | | | | 23| 60.9| 19.0|  6.9|  4.0|  0.0| 29.5|  0.0|  0.0|  0.0|
      89240 1   1171|1|  | | | | | | | | | | | | | | | | | | | | | | | | | 19| 58.5| 13.0|  8.6|  6.0|  0.0| 31.5|  0.0|  0.0|  0.0|
      89240 1   1173|1|  | | | | | | | | | | | | | | | | | | | | | | | | | 23| 76.6| 17.0| 11.0|  6.0|  0.0|  9.6|  0.0|  0.0|  0.0|
      89240 1   1174|1|  | | | | | | | | | | | | | | | | | | | | | | | | | 10| 60.2|  6.0| 33.7|  4.0|  0.0|-13.2|  0.0|  0.0|  0.0|
      89240 1   1194|1|  | | | | | | | | | | | | | | | | | | | | | | | | | 19| 47.8| 18.0| 10.1|  1.0|  0.0| 42.3|  0.0|  0.0|  0.0|
      89240 1   1196|1|  | | | | | | | | | | | | | | | | | | | | | | | | |  2| 88.2|  2.0|  0.7|  0.0|  0.0|  3.0|  0.0|  0.0|  0.0|
      89240 1   1197|1|  | | | | | | | | | | | | | | | | | | | | | | | | |  4| 17.7|  2.0|  1.9|  2.0|  0.0| 73.5|  0.0|  0.0|  0.0|
