      82590 1      3|1|  | | | | | | | | | | | | | | | | | | | | | | | | | 23| 68.3| 14.0|  5.8|  9.0|  0.0| 22.3|  0.0|  0.0|  0.0|
      82590 1     18|1|  | | | | | | | | | | | | | | | | | | | | | | | | | 14| 74.8| 12.0| 12.5|  2.0|  0.0| 10.8|  0.0|  0.0|  0.0|
      82590 1     25|1|  | | | | | | | | | | | | | | | | | | | | | | | | | 13| 51.3| 10.0|  5.5|  3.0|  0.0| 39.7|  0.0|  0.0|  0.0|
      82590 1     26|1|  | | | | | | | | | | | | | | | | | | | | | | | | | 18| 73.1| 13.0| 11.1|  5.0|  0.0| 14.6|  0.0|  0.0|  0.0|
      82590 1     89|1|  | | | | | | | | | | | | | | | | | | | | | | | | | 17| 58.0| 16.0|  7.6|  1.0|  0.0| 32.5|  0.0|  0.0|  0.0|
      82590 1    105|1|  | | | | | | | | | | | | | | | | | | | | | | | | | 19| 69.1| 11.0| 12.8|  8.0|  0.0| 18.2|  0.0|  0.0|  0.0|
      82590 1    113|1|  | | | | | | | | | | | | | | | | | | | | | | | | | 23| 68.6| 16.0|  0.1|  7.0|  0.0| 22.7|  0.0|  0.0|  0.0|
      82590 1    215|1|  | | | | | | | | | | | | | | | | | | | | | | | | | 15| 56.9| 12.0|  7.2|  3.0|  0.0| 33.7|  0.0|  0.0|  0.0|
      82590 1    242|1|  | | | | | | | | | | | | | | | | | | | | | | | | | 19| 80.7| 13.0| 17.8|  6.0|  0.0|-14.3|  0.0|  0.0|  0.0|
      82590 1    263|1|  | | | | | | | | | | | | | | | | | | | | | | | | | 21| 68.7| 17.0| 24.2|  4.0|  0.0| -8.5|  0.0|  0.0|  0.0|
      82590 1    308|1|  | | | | | | | | | | | | | | | | | | | | | | | | | 14| 81.9|  7.0|  3.4|  7.0|  0.0|  8.8|  0.0|  0.0|  0.0|
      82590 1    313|1|  | | | | | | | | | | | | | | | | | | | | | | | | | 13| 45.1| 11.0|  2.6|  2.0|  0.0| 46.2|  0.0|  0.0|  0.0|
      82590 1    320|1|  | | | | | | | | | | | | | | | | | | | | | | | | |  2| 18.5|  2.0| 17.4|  0.0|  0.0| 70.8|  0.0|  0.0|  0.0|
      82590 1    329|1|  | | | | | | | | | | | | | | | | | | | | | | | | | 23| 69.3| 18.0|  8.1|  5.0|  0.0| 20.5|  0.0|  0.0|  0.0|
      82590 1    352|1|  | | | | | | | | | | | | | | | | | | | | | | | | |  9| 76.6|  5.0|  8.3|  4.0|  0.0| 12.2|  0.0|  0.0|  0.0|
      82590 1    500|1|  | | | | | | | | | | | | | | | | | | | | | | | | | 14| 54.7| 12.0|  7.8|  2.0|  0.0| 35.9|  0.0|  0.0|  0.0|
      82590 1    513|1|  | | | | | | | | | | | | | | | | | | | | | | | | | 32| 83.8| 27.0|  8.6|  5.0|  0.0| -4.1|  0.0|  0.0|  0.0|
      82590 1    516|1|  | | | | | | | | | | | | | | | | | | | | | | | | | 19| 35.1| 19.0|  6.1|  0.0|  0.0| 56.0|  0.0|  0.0|  0.0|
      82590 1    534|1|  | | | | | | | | | | | | | | | | | | | | | | | | | 18| 71.7| 13.0|  2.2|  5.0|  0.0| 19.5|  0.0|  0.0|  0.0|
      82590 1    561|1|  | | | | | | | | | | | | | | | | | | | | | | | | | 20| 70.1| 16.0|  7.3|  4.0|  0.0| 19.9|  0.0|  0.0|  0.0|
      82590 1    581|1|  | | | | | | | | | | | | | | | | | | | | | | | | | 21| 54.7| 19.0|  7.7|  2.0|  0.0| 35.8|  0.0|  0.0|  0.0|
      82590 1    582|1|  | | | | | | | | | | | | | | | | | | | | | | | | | 24| 57.4| 20.0| 21.4|  4.0|  0.0| 26.4|  0.0|  0.0|  0.0|
      82590 1    583|1|  | | | | | | | | | | | | | | | | | | | | | | | | | 17| 45.2| 16.0| 26.6|  1.0|  0.0| 37.7|  0.0|  0.0|  0.0|
      82590 1    585|1|  | | | | | | | | | | | | | | | | | | | | | | | | | 13| 59.6| 11.0| 16.2|  2.0|  0.0| 27.4|  0.0|  0.0|  0.0|
      82590 1    594|1|  | | | | | | | | | | | | | | | | | | | | | | | | | 23| 74.6| 19.0|  5.1|  4.0|  0.0| 16.0|  0.0|  0.0|  0.0|
      82590 1    604|1|  | | | | | | | | | | | | | | | | | | | | | | | | | 16| 60.8| 13.0|  7.2|  3.0|  0.0| 29.7|  0.0|  0.0|  0.0|
      82590 1    649|1|  | | | | | | | | | | | | | | | | | | | | | | | | | 32| 74.3| 25.0| 25.5|  7.0|  0.0|-19.0|  0.0|  0.0|  0.0|
      82590 1    669|1|  | | | | | | | | | | | | | | | | | | | | | | | | | 20| 84.4| 11.0| 12.2|  9.0|  0.0|-10.1|  0.0|  0.0|  0.0|
      82590 1    677|1|  | | | | | | | | | | | | | | | | | | | | | | | | | 31| 58.0| 24.0|  7.1|  7.0|  0.0| 32.6|  0.0|  0.0|  0.0|
      82590 1    679|1|  | | | | | | | | | | | | | | | | | | | | | | | | | 19| 70.1| 16.0|  8.2|  3.0|  0.0| 19.7|  0.0|  0.0|  0.0|
      82590 1    693|1|  | | | | | | | | | | | | | | | | | | | | | | | | | 13| 52.0| 12.0|  2.8|  1.0|  0.0| 39.2|  0.0|  0.0|  0.0|
      82590 1    699|1|  | | | | | | | | | | | | | | | | | | | | | | | | | 17| 60.2| 13.0| 24.3|  4.0|  0.0| 19.5|  0.0|  0.0|  0.0|
      82590 1    711|1|  | | | | | | | | | | | | | | | | | | | | | | | | | 14| 32.1| 13.0|  9.9|  1.0|  0.0| 58.4|  0.0|  0.0|  0.0|
      82590 1    718|1|  | | | | | | | | | | | | | | | | | | | | | | | | | 21| 69.2| 17.0|  1.9|  4.0|  0.0| 22.1|  0.0|  0.0|  0.0|
      82590 1    744|1|  | | | | | | | | | | | | | | | | | | | | | | | | | 14| 73.5| 10.0|  7.4|  4.0|  0.0| 16.2|  0.0|  0.0|  0.0|
      82590 1    792|1|  | | | | | | | | | | | | | | | | | | | | | | | | | 20|122.9| 12.0| 61.6|  8.0|  0.0|-52.9|  0.0|  0.0|  0.0|
      82590 1    793|1|  | | | | | | | | | | | | | | | | | | | | | | | | | 25| 79.6| 20.0|  3.5|  5.0|  0.0| 11.2|  0.0|  0.0|  0.0|
      82590 1    794|1|  | | | | | | | | | | | | | | | | | | | | | | | | | 19| 80.4| 17.0|  7.6|  2.0|  0.0|  7.9|  0.0|  0.0|  0.0|
      82590 1    798|1|  | | | | | | | | | | | | | | | | | | | | | | | | | 18| 64.1| 12.0| 12.7|  6.0|  0.0| 24.1|  0.0|  0.0|  0.0|
      82590 1    817|1|  | | | | | | | | | | | | | | | | | | | | | | | | |  2| 89.3|  2.0|  3.6|  0.0|  0.0| -3.0|  0.0|  0.0|  0.0|
      82590 1    829|1|  | | | | | | | | | | | | | | | | | | | | | | | | | 16| 84.5| 12.0|  1.8|  4.0|  0.0|  6.6|  0.0|  0.0|  0.0|
      82590 1    849|1|  | | | | | | | | | | | | | | | | | | | | | | | | | 20| 63.4| 15.0| 18.1|  5.0|  0.0| 21.3|  0.0|  0.0|  0.0|
      82590 1    852|1|  | | | | | | | | | | | | | | | | | | | | | | | | | 25| 73.4| 17.0|  3.0|  8.0|  0.0| 17.7|  0.0|  0.0|  0.0|
      82590 1    868|1|  | | | | | | | | | | | | | | | | | | | | | | | | | 18| 63.0| 15.0|  2.9|  3.0|  0.0| 28.2|  0.0|  0.0|  0.0|
      82590 1    895|1|  | | | | | | | | | | | | | | | | | | | | | | | | | 19| 60.0| 18.0| 13.6|  1.0|  0.0| 28.3|  0.0|  0.0|  0.0|
      82590 1    903|1|  | | | | | | | | | | | | | | | | | | | | | | | | | 15| 50.0|  9.0| 12.2|  6.0|  0.0| 39.5|  0.0|  0.0|  0.0|
      82590 1    905|1|  | | | | | | | | | | | | | | | | | | | | | | | | | 21|103.0| 16.0| 35.7|  5.0|  0.0|-33.8|  0.0|  0.0|  0.0|
      82590 1    910|1|  | | | | | | | | | | | | | | | | | | | | | | | | | 15| 34.2| 11.0| 23.7|  4.0|  0.0| 52.0|  0.0|  0.0|  0.0|
      82590 1    916|1|  | | | | | | | | | | | | | | | | | | | | | | | | | 25| 67.8| 15.0|  4.6| 10.0|  0.0| 23.1|  0.0|  0.0|  0.0|
      82590 1    923|1|  | | | | | | | | | | | | | | | | | | | | | | | | |  8| 45.8|  6.0| 32.0|  2.0|  0.0| 32.5|  0.0|  0.0|  0.0|
      82590 1    955|1|  | | | | | | | | | | | | | | | | | | | | | | | | |  2| 82.1|  2.0|  0.3|  0.0|  0.0|  9.3|  0.0|  0.0|  0.0|
      82590 1   1008|1|  | | | | | | | | | | | | | | | | | | | | | | | | | 16| 75.1| 11.0|  4.0|  5.0|  0.0| 15.8|  0.0|  0.0|  0.0|
      82590 1   1010|1|  | | | | | | | | | | | | | | | | | | | | | | | | | 23| 67.0| 18.0|  3.0|  5.0|  0.0| 24.2|  0.0|  0.0|  0.0|
      82590 1   1040|1|  | | | | | | | | | | | | | | | | | | | | | | | | | 15| 40.5| 12.0| 23.5|  3.0|  0.0| 45.1|  0.0|  0.0|  0.0|
      82590 1   1047|1|  | | | | | | | | | | | | | | | | | | | | | | | | | 12| 40.7| 11.0|  4.7|  1.0|  0.0| 50.4|  0.0|  0.0|  0.0|
      82590 1   1058|1|  | | | | | | | | | | | | | | | | | | | | | | | | | 15| 57.9| 11.0| 19.8|  4.0|  0.0| 27.0|  0.0|  0.0|  0.0|
      82590 1   1130|1|  | | | | | | | | | | | | | | | | | | | | | | | | | 11| 76.3| 10.0|  1.8|  1.0|  0.0| 15.0|  0.0|  0.0|  0.0|
      82590 1   1152|1|  | | | | | | | | | | | | | | | | | | | | | | | | | 23| 95.0| 15.0| 11.3|  8.0|  0.0|-10.6|  0.0|  0.0|  0.0|
      82590 1   1153|1|  | | | | | | | | | | | | | | | | | | | | | | | | | 26| 67.9| 22.0|  1.1|  4.0|  0.0| 23.5|  0.0|  0.0|  0.0|
      82590 1   1163|1|  | | | | | | | | | | | | | | | | | | | | | | | | |  2| 73.2|  2.0| 11.8|  0.0|  0.0| 13.9|  0.0|  0.0|  0.0|
      82590 1   1172|1|  | | | | | | | | | | | | | | | | | | | | | | | | | 25| 72.5| 17.0|  3.0|  8.0|  0.0| 18.7|  0.0|  0.0|  0.0|
      82590 1   1185|1|  | | | | | | | | | | | | | | | | | | | | | | | | | 21| 56.0| 15.0|  5.5|  6.0|  0.0| 35.0|  0.0|  0.0|  0.0|
      82590 1   1193|1|  | | | | | | | | | | | | | | | | | | | | | | | | | 14| 50.8|  9.0|  8.4|  5.0|  0.0| 39.7|  0.0|  0.0|  0.0|
      82590 1   1215|1|  | | | | | | | | | | | | | | | | | | | | | | | | |  2| 93.1|  2.0|  1.5|  0.0|  0.0|  0.9|  0.0|  0.0|  0.0|
      82590 1   1229|1|  | | | | | | | | | | | | | | | | | | | | | | | | | 18| 57.9| 16.0| 11.9|  2.0|  0.0| 31.3|  0.0|  0.0|  0.0|
      82590 1   1261|1|  | | | | | | | | | | | | | | | | | | | | | | | | | 26| 44.6| 24.0| 15.8|  2.0|  0.0| 44.0|  0.0|  0.0|  0.0|
      82590 1   1272|1|  | | | | | | | | | | | | | | | | | | | | | | | | | 13| 72.8| 11.0|  3.6|  2.0|  0.0| 18.2|  0.0|  0.0|  0.0|
      82590 1   1278|1|  | | | | | | | | | | | | | | | | | | | | | | | | | 28| 77.9| 21.0| 13.0|  7.0|  0.0|  3.6|  0.0|  0.0|  0.0|
      82590 1   1283|1|  | | | | | | | | | | | | | | | | | | | | | | | | | 19| 35.8| 15.0| 16.2|  4.0|  0.0| 53.2|  0.0|  0.0|  0.0|
      82590 1   1328|1|  | | | | | | | | | | | | | | | | | | | | | | | | | 19| 71.3| 16.0|  7.0|  3.0|  0.0| 18.7|  0.0|  0.0|  0.0|
      82590 1   1332|1|  | | | | | | | | | | | | | | | | | | | | | | | | | 14| 41.0| 10.0|  6.8|  4.0|  0.0| 49.9|  0.0|  0.0|  0.0|
      82590 1   1337|1|  | | | | | | | | | | | | | | | | | | | | | | | | | 20| 65.6| 12.0|  3.4|  8.0|  0.0| 25.5|  0.0|  0.0|  0.0|
      82590 1   1358|1|  | | | | | | | | | | | | | | | | | | | | | | | | |  3| 89.5|  2.0|  3.1|  1.0|  0.0| -2.5|  0.0|  0.0|  0.0|
      82590 1   1363|1|  | | | | | | | | | | | | | | | | | | | | | | | | | 23| 56.1| 22.0| 11.5|  1.0|  0.0| 33.3|  0.0|  0.0|  0.0|
      82590 1   1376|1|  | | | | | | | | | | | | | | | | | | | | | | | | |  2| 93.2|  2.0|  0.7|  0.0|  0.0|  1.7|  0.0|  0.0|  0.0|
      82590 1   1406|1|  | | | | | | | | | | | | | | | | | | | | | | | | | 12| 38.9|  8.0| 10.1|  4.0|  0.0| 51.5|  0.0|  0.0|  0.0|
      82590 1   1416|1|  | | | | | | | | | | | | | | | | | | | | | | | | |  2| 87.3|  2.0|  2.0|  0.0|  0.0|  3.5|  0.0|  0.0|  0.0|
      82590 1   1417|1|  | | | | | | | | | | | | | | | | | | | | | | | | | 16| 60.7|  9.0| 24.6|  7.0|  0.0| 18.4|  0.0|  0.0|  0.0|
      82590 1   1433|1|  | | | | | | | | | | | | | | | | | | | | | | | | | 20| 92.5| 19.0|  8.5|  1.0|  0.0| -8.4|  0.0|  0.0|  0.0|
      82590 1   1435|1|  | | | | | | | | | | | | | | | | | | | | | | | | |  3| 83.2|  2.0|  5.3|  1.0|  0.0|  6.2|  0.0|  0.0|  0.0|
      82590 1   1439|1|  | | | | | | | | | | | | | | | | | | | | | | | | | 13| 59.0| 10.0|  7.5|  3.0|  0.0| 31.4|  0.0|  0.0|  0.0|
      82590 1   1451|1|  | | | | | | | | | | | | | | | | | | | | | | | | | 11| 38.2|  8.0| 24.8|  3.0|  0.0| 47.0|  0.0|  0.0|  0.0|
      82590 1   1454|1|  | | | | | | | | | | | | | | | | | | | | | | | | | 20| 46.1| 14.0|  9.8|  6.0|  0.0| 44.2|  0.0|  0.0|  0.0|
      82590 1   1456|1|  | | | | | | | | | | | | | | | | | | | | | | | | |  2| 82.6|  2.0| 12.7|  0.0|  0.0| -9.2|  0.0|  0.0|  0.0|
      82590 1   1461|1|  | | | | | | | | | | | | | | | | | | | | | | | | | 16| 51.0| 11.0|  5.8|  5.0|  0.0| 40.0|  0.0|  0.0|  0.0|
      82590 1   1466|1|  | | | | | | | | | | | | | | | | | | | | | | | | | 25| 75.3| 18.0| 20.8|  7.0|  0.0|-13.2|  0.0|  0.0|  0.0|
      82590 1   1471|1|  | | | | | | | | | | | | | | | | | | | | | | | | | 12| 68.3| 10.0|  8.0|  2.0|  0.0| 21.6|  0.0|  0.0|  0.0|
      82590 1   1479|1|  | | | | | | | | | | | | | | | | | | | | | | | | | 21| 78.5| 18.0|  5.4|  3.0|  0.0| 11.7|  0.0|  0.0|  0.0|
      82590 1   1498|1|  | | | | | | | | | | | | | | | | | | | | | | | | | 23| 64.8| 16.0|  4.2|  7.0|  0.0| 26.2|  0.0|  0.0|  0.0|
      82590 1   1511|1|  | | | | | | | | | | | | | | | | | | | | | | | | | 19| 74.7| 13.0| 22.0|  6.0|  0.0|-14.4|  0.0|  0.0|  0.0|
      82590 1   1519|1|  | | | | | | | | | | | | | | | | | | | | | | | | |  2| 96.3|  2.0|  4.3|  0.0|  0.0|  2.5|  0.0|  0.0|  0.0|
      82590 1   1539|1|  | | | | | | | | | | | | | | | | | | | | | | | | | 22| 64.2| 17.0| 17.6|  5.0|  0.0| 20.6|  0.0|  0.0|  0.0|
      82590 1   1543|1|  | | | | | | | | | | | | | | | | | | | | | | | | |  2| 56.4|  2.0| 13.3|  0.0|  0.0| 32.3|  0.0|  0.0|  0.0|
      82590 1   1545|1|  | | | | | | | | | | | | | | | | | | | | | | | | | 19| 62.1| 16.0| 18.5|  3.0|  0.0| 22.7|  0.0|  0.0|  0.0|
      82590 1   1553|1|  | | | | | | | | | | | | | | | | | | | | | | | | | 15| 55.8| 12.0|  9.4|  3.0|  0.0| 34.2|  0.0|  0.0|  0.0|
      82590 1   1560|1|  | | | | | | | | | | | | | | | | | | | | | | | | |  3| 95.4|  3.0| 11.6|  0.0|  0.0|-10.9|  0.0|  0.0|  0.0|
      82590 1   1591|1|  | | | | | | | | | | | | | | | | | | | | | | | | | 11| 59.8|  8.0|  1.8|  3.0|  0.0| 31.5|  0.0|  0.0|  0.0|
      82590 1   1618|1|  | | | | | | | | | | | | | | | | | | | | | | | | | 16| 51.7| 11.0|  1.5|  5.0|  0.0| 39.7|  0.0|  0.0|  0.0|
      82590 1   1620|1|  | | | | | | | | | | | | | | | | | | | | | | | | | 13| 81.0|  8.0|  2.4|  5.0|  0.0| 10.1|  0.0|  0.0|  0.0|
      82590 1   1642|1|  | | | | | | | | | | | | | | | | | | | | | | | | | 18| 94.9| 15.0| 17.5|  3.0|  0.0|-17.1|  0.0|  0.0|  0.0|
