      82754 1     14|1|  | | | | | | | | | | | | | | | | | | | | | | | | | 14| 42.3| 10.0| 10.8|  4.0|  0.0| 47.9|  0.0|  0.0|  0.0|
      82754 1     41|1|  | | | | | | | | | | | | | | | | | | | | | | | | | 15| 54.7| 13.0| 10.1|  2.0|  0.0| 35.3|  0.0|  0.0|  0.0|
      82754 1     49|1|  | | | | | | | | | | | | | | | | | | | | | | | | |  2| 92.1|  2.0|  3.6|  0.0|  0.0| -3.6|  0.0|  0.0|  0.0|
      82754 1     91|1|  | | | | | | | | | | | | | | | | | | | | | | | | |  2| 88.3|  2.0|  3.3|  0.0|  0.0| -1.0|  0.0|  0.0|  0.0|
      82754 1    137|1|  | | | | | | | | | | | | | | | | | | | | | | | | | 13| 61.8| 10.0|  3.0|  3.0|  0.0| 29.4|  0.0|  0.0|  0.0|
      82754 1    169|1|  | | | | | | | | | | | | | | | | | | | | | | | | | 18| 55.6| 15.0| 13.8|  3.0|  0.0| 33.0|  0.0|  0.0|  0.0|
      82754 1    188|1|  | | | | | | | | | | | | | | | | | | | | | | | | | 26| 62.1| 17.0|  4.5|  9.0|  0.0| 29.0|  0.0|  0.0|  0.0|
      82754 1    207|1|  | | | | | | | | | | | | | | | | | | | | | | | | | 20| 78.5| 13.0|  6.3|  7.0|  0.0| 11.2|  0.0|  0.0|  0.0|
      82754 1    220|1|  | | | | | | | | | | | | | | | | | | | | | | | | | 22| 80.4| 16.0|  1.9|  6.0|  0.0| 10.8|  0.0|  0.0|  0.0|
      82754 1    256|1|  | | | | | | | | | | | | | | | | | | | | | | | | | 14| 75.0| 12.0|  8.8|  2.0|  0.0| 13.8|  0.0|  0.0|  0.0|
      82754 1    265|1|  | | | | | | | | | | | | | | | | | | | | | | | | | 10| 75.0|  8.0|  2.7|  2.0|  0.0| 16.1|  0.0|  0.0|  0.0|
      82754 1    325|1|  | | | | | | | | | | | | | | | | | | | | | | | | | 15| 87.0| 10.0|  5.9|  5.0|  0.0| -4.0|  0.0|  0.0|  0.0|
      82754 1    330|1|  | | | | | | | | | | | | | | | | | | | | | | | | | 24| 69.4| 16.0|  2.7|  8.0|  0.0| 21.8|  0.0|  0.0|  0.0|
      82754 1    347|1|  | | | | | | | | | | | | | | | | | | | | | | | | | 26| 78.2| 23.0| 14.6|  3.0|  0.0| -6.4|  0.0|  0.0|  0.0|
      82754 1    388|1|  | | | | | | | | | | | | | | | | | | | | | | | | | 25| 42.9| 18.0|  9.5|  7.0|  0.0| 47.5|  0.0|  0.0|  0.0|
      82754 1    429|1|  | | | | | | | | | | | | | | | | | | | | | | | | | 15| 44.1| 12.0| 18.5|  3.0|  0.0| 43.5|  0.0|  0.0|  0.0|
      82754 1    449|1|  | | | | | | | | | | | | | | | | | | | | | | | | | 29| 64.6| 22.0|  5.8|  7.0|  0.0| 26.1|  0.0|  0.0|  0.0|
      82754 1    451|1|  | | | | | | | | | | | | | | | | | | | | | | | | | 17| 44.2| 14.0|  3.0|  3.0|  0.0| 47.1|  0.0|  0.0|  0.0|
      82754 1    472|1|  | | | | | | | | | | | | | | | | | | | | | | | | | 27| 53.7| 22.0| 16.1|  5.0|  0.0| 34.0|  0.0|  0.0|  0.0|
      82754 1    475|1|  | | | | | | | | | | | | | | | | | | | | | | | | |  6| 68.8|  4.0|  3.8|  2.0|  0.0| 22.2|  0.0|  0.0|  0.0|
      82754 1    484|1|  | | | | | | | | | | | | | | | | | | | | | | | | | 25| 82.3| 18.0|  4.8|  7.0|  0.0|  7.7|  0.0|  0.0|  0.0|
      82754 1    489|1|  | | | | | | | | | | | | | | | | | | | | | | | | | 17| 77.4| 12.0|  5.8|  5.0|  0.0| 12.7|  0.0|  0.0|  0.0|
      82754 1    491|1|  | | | | | | | | | | | | | | | | | | | | | | | | | 26| 81.2| 19.0| 35.6|  7.0|  0.0|-34.1|  0.0|  0.0|  0.0|
      82754 1    511|1|  | | | | | | | | | | | | | | | | | | | | | | | | | 22| 57.1| 16.0|  9.9|  6.0|  0.0| 32.8|  0.0|  0.0|  0.0|
      82754 1    519|1|  | | | | | | | | | | | | | | | | | | | | | | | | | 11| 68.7| 11.0| 15.7|  0.0|  0.0| 16.4|  0.0|  0.0|  0.0|
      82754 1    556|1|  | | | | | | | | | | | | | | | | | | | | | | | | | 17| 60.4|  9.0| 17.6|  8.0|  0.0| 25.4|  0.0|  0.0|  0.0|
      82754 1    561|1|  | | | | | | | | | | | | | | | | | | | | | | | | | 21| 69.7| 16.0| 10.3|  5.0|  0.0| 19.0|  0.0|  0.0|  0.0|
      82754 1    583|1|  | | | | | | | | | | | | | | | | | | | | | | | | | 21| 78.1| 12.0|  4.5|  9.0|  0.0| 12.4|  0.0|  0.0|  0.0|
      82754 1    590|1|  | | | | | | | | | | | | | | | | | | | | | | | | | 24| 51.9| 15.0| 10.5|  9.0|  0.0| 38.0|  0.0|  0.0|  0.0|
      82754 1    623|1|  | | | | | | | | | | | | | | | | | | | | | | | | | 25| 70.5| 22.0|  4.3|  3.0|  0.0| 20.4|  0.0|  0.0|  0.0|
      82754 1    632|1|  | | | | | | | | | | | | | | | | | | | | | | | | | 17| 82.1| 14.0|  3.6|  3.0|  0.0|  8.5|  0.0|  0.0|  0.0|
      82754 1    640|1|  | | | | | | | | | | | | | | | | | | | | | | | | | 14| 74.0| 13.0|  2.3|  1.0|  0.0| 17.2|  0.0|  0.0|  0.0|
      82754 1    654|1|  | | | | | | | | | | | | | | | | | | | | | | | | | 24| 58.7| 17.0|  8.4|  7.0|  0.0| 31.6|  0.0|  0.0|  0.0|
      82754 1    683|1|  | | | | | | | | | | | | | | | | | | | | | | | | | 26| 83.4| 16.0|  6.2| 10.0|  0.0|  4.9|  0.0|  0.0|  0.0|
      82754 1    728|1|  | | | | | | | | | | | | | | | | | | | | | | | | | 20| 68.2| 17.0|  4.0|  3.0|  0.0| 22.8|  0.0|  0.0|  0.0|
      82754 1    739|1|  | | | | | | | | | | | | | | | | | | | | | | | | | 21| 78.0| 11.0|  7.0| 10.0|  0.0| 11.4|  0.0|  0.0|  0.0|
      82754 1    740|1|  | | | | | | | | | | | | | | | | | | | | | | | | | 19| 59.3| 12.0| 14.9|  7.0|  0.0| 28.4|  0.0|  0.0|  0.0|
      82754 1    741|1|  | | | | | | | | | | | | | | | | | | | | | | | | | 18|122.4| 13.0| 82.5|  5.0|  0.0|-76.4|  0.0|  0.0|  0.0|
      82755 1      9|1|  | | | | | | | | | | | | | | | | | | | | | | | | | 22| 68.9| 19.0| 11.7|  3.0|  0.0| 19.1|  0.0|  0.0|  0.0|
      82755 1     20|1|  | | | | | | | | | | | | | | | | | | | | | | | | | 23| 50.3| 20.0| 21.0|  3.0|  0.0| 35.3|  0.0|  0.0|  0.0|
      82755 1     27|1|  | | | | | | | | | | | | | | | | | | | | | | | | |  2| 91.7|  2.0|  1.4|  0.0|  0.0| -1.3|  0.0|  0.0|  0.0|
      82755 1     50|1|  | | | | | | | | | | | | | | | | | | | | | | | | | 17| 49.5| 17.0|  3.1|  0.0|  0.0| 41.8|  0.0|  0.0|  0.0|
      82755 1     56|1|  | | | | | | | | | | | | | | | | | | | | | | | | | 15| 57.5|  7.0|  8.1|  8.0|  0.0| 32.9|  0.0|  0.0|  0.0|
      82755 1     59|1|  | | | | | | | | | | | | | | | | | | | | | | | | | 22| 82.2| 19.0|  4.1|  3.0|  0.0|  8.2|  0.0|  0.0|  0.0|
      82755 1     91|1|  | | | | | | | | | | | | | | | | | | | | | | | | | 22| 53.9| 18.0|  6.0|  4.0|  0.0| 37.0|  0.0|  0.0|  0.0|
      82755 1     94|1|  | | | | | | | | | | | | | | | | | | | | | | | | | 20| 75.3| 16.0|  4.2|  4.0|  0.0| 15.5|  0.0|  0.0|  0.0|
      82755 1    116|1|  | | | | | | | | | | | | | | | | | | | | | | | | |  5| 72.9|  2.0|  4.0|  3.0|  0.0| 18.0|  0.0|  0.0|  0.0|
      82755 1    125|1|  | | | | | | | | | | | | | | | | | | | | | | | | | 15| 74.5| 11.0|  8.6|  4.0|  0.0| 14.5|  0.0|  0.0|  0.0|
      82755 1    189|1|  | | | | | | | | | | | | | | | | | | | | | | | | | 15| 75.0| 10.0|  9.4|  5.0|  0.0| 13.4|  0.0|  0.0|  0.0|
      82755 1    194|1|  | | | | | | | | | | | | | | | | | | | | | | | | | 23| 70.2| 18.0|  6.0|  5.0|  0.0| 20.3|  0.0|  0.0|  0.0|
      82755 1    205|1|  | | | | | | | | | | | | | | | | | | | | | | | | | 22| 65.8| 19.0|  5.8|  3.0|  0.0| 24.8|  0.0|  0.0|  0.0|
      82755 1    230|1|  | | | | | | | | | | | | | | | | | | | | | | | | | 17| 82.7| 11.0|  8.0|  6.0|  0.0|  3.2|  0.0|  0.0|  0.0|
      82755 1    240|1|  | | | | | | | | | | | | | | | | | | | | | | | | | 18| 76.4| 17.0| 24.0|  1.0|  0.0|-18.7|  0.0|  0.0|  0.0|
      82755 1    257|1|  | | | | | | | | | | | | | | | | | | | | | | | | | 16| 50.6| 14.0|  6.6|  2.0|  0.0| 40.2|  0.0|  0.0|  0.0|
      82755 1    276|1|  | | | | | | | | | | | | | | | | | | | | | | | | | 18| 59.2| 14.0|  1.6|  4.0|  0.0| 32.2|  0.0|  0.0|  0.0|
      82755 1    303|1|  | | | | | | | | | | | | | | | | | | | | | | | | | 27| 61.3| 23.0| 23.8|  4.0|  0.0| 18.3|  0.0|  0.0|  0.0|
      82755 1    339|1|  | | | | | | | | | | | | | | | | | | | | | | | | |  3| 75.5|  2.0| 11.9|  1.0|  0.0| 10.4|  0.0|  0.0|  0.0|
      82755 1    345|1|  | | | | | | | | | | | | | | | | | | | | | | | | | 17| 80.2| 14.0|  8.9|  3.0|  0.0|  6.7|  0.0|  0.0|  0.0|
      82755 1    384|1|  | | | | | | | | | | | | | | | | | | | | | | | | | 18| 87.8| 15.0|  7.5|  3.0|  0.0| -6.6|  0.0|  0.0|  0.0|
      82755 1    388|1|  | | | | | | | | | | | | | | | | | | | | | | | | | 18| 66.9| 16.0| 14.0|  2.0|  0.0| 20.1|  0.0|  0.0|  0.0|
      82755 1    412|1|  | | | | | | | | | | | | | | | | | | | | | | | | |  9| 17.0|  6.0|  5.6|  3.0|  0.0| 74.2|  0.0|  0.0|  0.0|
      82755 1    413|1|  | | | | | | | | | | | | | | | | | | | | | | | | | 23| 94.5| 16.0| 19.6|  7.0|  0.0|-19.3|  0.0|  0.0|  0.0|
      82755 1    424|1|  | | | | | | | | | | | | | | | | | | | | | | | | | 17| 90.6|  9.0| 17.3|  8.0|  0.0|-17.3|  0.0|  0.0|  0.0|
      82755 1    462|1|  | | | | | | | | | | | | | | | | | | | | | | | | | 17| 77.5| 13.0| 30.4|  4.0|  0.0|-27.0|  0.0|  0.0|  0.0|
      82755 1    465|1|  | | | | | | | | | | | | | | | | | | | | | | | | | 28| 92.9| 19.0| 17.3|  9.0|  0.0|-17.2|  0.0|  0.0|  0.0|
      82755 1    466|1|  | | | | | | | | | | | | | | | | | | | | | | | | | 28| 79.0| 20.0|  5.0|  8.0|  0.0| 11.3|  0.0|  0.0|  0.0|
      82755 1    480|1|  | | | | | | | | | | | | | | | | | | | | | | | | | 10| 76.7| 10.0|  5.7|  0.0|  0.0| 13.5|  0.0|  0.0|  0.0|
      82755 1    490|1|  | | | | | | | | | | | | | | | | | | | | | | | | | 17| 73.9| 12.0| 27.9|  5.0|  0.0|-21.8|  0.0|  0.0|  0.0|
      82755 1    496|1|  | | | | | | | | | | | | | | | | | | | | | | | | | 20| 66.3| 17.0|  7.9|  3.0|  0.0| 23.8|  0.0|  0.0|  0.0|
      82755 1    512|1|  | | | | | | | | | | | | | | | | | | | | | | | | | 15| 25.1|  8.0|  2.6|  7.0|  0.0| 66.2|  0.0|  0.0|  0.0|
      82755 1    528|1|  | | | | | | | | | | | | | | | | | | | | | | | | | 18| 55.6| 12.0| 14.1|  6.0|  0.0| 32.9|  0.0|  0.0|  0.0|
      82755 1    529|1|  | | | | | | | | | | | | | | | | | | | | | | | | |  2| 58.0|  2.0| 11.4|  0.0|  0.0| 31.3|  0.0|  0.0|  0.0|
      82755 1    558|1|  | | | | | | | | | | | | | | | | | | | | | | | | | 16| 26.7| 14.0|  4.4|  2.0|  0.0| 64.5|  0.0|  0.0|  0.0|
      82755 1    561|1|  | | | | | | | | | | | | | | | | | | | | | | | | | 14| 79.0| 11.0|  4.5|  3.0|  0.0| 11.5|  0.0|  0.0|  0.0|
      82755 1    589|1|  | | | | | | | | | | | | | | | | | | | | | | | | | 20| 57.9| 15.0|  6.0|  5.0|  0.0| 32.9|  0.0|  0.0|  0.0|
      82755 1    600|1|  | | | | | | | | | | | | | | | | | | | | | | | | | 19| 58.2| 17.0|  7.1|  2.0|  0.0| 32.4|  0.0|  0.0|  0.0|
      82755 1    641|1|  | | | | | | | | | | | | | | | | | | | | | | | | |  2| 10.4|  2.0|  9.9|  0.0|  0.0| 80.3|  0.0|  0.0|  0.0|
      82755 1    642|1|  | | | | | | | | | | | | | | | | | | | | | | | | | 20| 91.4| 15.0|  8.9|  5.0|  0.0| -8.9|  0.0|  0.0|  0.0|
      82755 1    643|1|  | | | | | | | | | | | | | | | | | | | | | | | | | 20| 70.6| 19.0|  7.5|  1.0|  0.0| 19.4|  0.0|  0.0|  0.0|
      82755 1    649|1|  | | | | | | | | | | | | | | | | | | | | | | | | | 26| 57.0| 24.0| 10.3|  2.0|  0.0| 32.8|  0.0|  0.0|  0.0|
      82755 1    652|1|  | | | | | | | | | | | | | | | | | | | | | | | | | 14| 72.3|  7.0| 10.0|  7.0|  0.0| 16.2|  0.0|  0.0|  0.0|
      82755 1    663|1|  | | | | | | | | | | | | | | | | | | | | | | | | | 13| 47.6| 10.0| 16.5|  3.0|  0.0| 40.6|  0.0|  0.0|  0.0|
      82755 1    735|1|  | | | | | | | | | | | | | | | | | | | | | | | | | 10| 66.1| 10.0| 21.5|  0.0|  0.0| 13.3|  0.0|  0.0|  0.0|
      82755 1    739|1|  | | | | | | | | | | | | | | | | | | | | | | | | | 23| 63.3| 12.0|  7.8| 11.0|  0.0| 27.0|  0.0|  0.0|  0.0|
      82755 1    747|1|  | | | | | | | | | | | | | | | | | | | | | | | | | 16| 64.9| 13.0| 43.2|  3.0|  0.0|-34.1|  0.0|  0.0|  0.0|
      82755 1    756|1|  | | | | | | | | | | | | | | | | | | | | | | | | | 18| 54.4| 12.0| 11.3|  6.0|  0.0| 35.1|  0.0|  0.0|  0.0|
      82755 1    759|1|  | | | | | | | | | | | | | | | | | | | | | | | | | 18| 54.1| 13.0| 13.4|  5.0|  0.0| 34.8|  0.0|  0.0|  0.0|
      82755 1    761|1|  | | | | | | | | | | | | | | | | | | | | | | | | | 17| 69.2| 15.0|  5.4|  2.0|  0.0| 21.5|  0.0|  0.0|  0.0|
      82755 1    770|1|  | | | | | | | | | | | | | | | | | | | | | | | | | 14| 68.8|  9.0|  2.8|  5.0|  0.0| 22.4|  0.0|  0.0|  0.0|
      82755 1    788|1|  | | | | | | | | | | | | | | | | | | | | | | | | | 19| 69.2| 12.0| 17.0|  7.0|  0.0| 14.1|  0.0|  0.0|  0.0|
      82755 1    820|1|  | | | | | | | | | | | | | | | | | | | | | | | | | 17| 70.4| 14.0| 10.2|  3.0|  0.0| 18.3|  0.0|  0.0|  0.0|
      82755 1    847|1|  | | | | | | | | | | | | | | | | | | | | | | | | | 13| 76.9|  8.0|  0.4|  5.0|  0.0| 14.4|  0.0|  0.0|  0.0|
      82755 1    851|1|  | | | | | | | | | | | | | | | | | | | | | | | | | 14| 71.8|  9.0| 13.3|  5.0|  0.0| 14.4|  0.0|  0.0|  0.0|
      82755 1    855|1|  | | | | | | | | | | | | | | | | | | | | | | | | | 13| 57.4| 10.0| 27.4|  3.0|  0.0| 20.0|  0.0|  0.0|  0.0|
      82755 1    862|1|  | | | | | | | | | | | | | | | | | | | | | | | | | 20| 75.3| 17.0|  2.0|  3.0|  0.0| 15.9|  0.0|  0.0|  0.0|
      82755 1    965|1|  | | | | | | | | | | | | | | | | | | | | | | | | | 21| 45.6| 16.0| 10.6|  5.0|  0.0| 44.5|  0.0|  0.0|  0.0|
      82755 1    972|1|  | | | | | | | | | | | | | | | | | | | | | | | | | 19| 60.4| 12.0|  7.6|  7.0|  0.0| 30.0|  0.0|  0.0|  0.0|
      82755 1   1007|1|  | | | | | | | | | | | | | | | | | | | | | | | | | 20| 64.1| 13.0|  5.0|  7.0|  0.0| 26.8|  0.0|  0.0|  0.0|
      82755 1   1010|1|  | | | | | | | | | | | | | | | | | | | | | | | | | 21| 80.9| 17.0|  7.1|  4.0|  0.0|  7.7|  0.0|  0.0|  0.0|
      82755 1   1020|1|  | | | | | | | | | | | | | | | | | | | | | | | | |  2| 42.6|  2.0| 14.7|  0.0|  0.0| 46.5|  0.0|  0.0|  0.0|
