      83198 1   2876|1|  | | | | | | | | | | | | | | | | | | | | | | | | | 21| 54.1| 17.0| 18.3|  4.0|  0.0| 32.4|  0.0|  0.0|  0.0|
      83198 1   2892|1|  | | | | | | | | | | | | | | | | | | | | | | | | | 25| 65.8| 14.0|  5.2| 11.0|  0.0| 25.0|  0.0|  0.0|  0.0|
      83198 1   2930|1|  | | | | | | | | | | | | | | | | | | | | | | | | | 20| 76.6| 18.0|  7.3|  2.0|  0.0| 12.9|  0.0|  0.0|  0.0|
      83198 1   2993|1|  | | | | | | | | | | | | | | | | | | | | | | | | | 28| 69.3| 21.0|  7.6|  7.0|  0.0| 20.8|  0.0|  0.0|  0.0|
      83198 1   3014|1|  | | | | | | | | | | | | | | | | | | | | | | | | | 28| 49.9| 21.0| 10.2|  7.0|  0.0| 40.2|  0.0|  0.0|  0.0|
      83198 1   3018|1|  | | | | | | | | | | | | | | | | | | | | | | | | |  4| 85.9|  2.0|  0.9|  2.0|  0.0|  5.3|  0.0|  0.0|  0.0|
      83198 1   3019|1|  | | | | | | | | | | | | | | | | | | | | | | | | |  2| 92.3|  2.0|  4.4|  0.0|  0.0| -4.2|  0.0|  0.0|  0.0|
      83198 1   3029|1|  | | | | | | | | | | | | | | | | | | | | | | | | | 15| 90.4| 11.0| 28.3|  4.0|  0.0|-28.3|  0.0|  0.0|  0.0|
      83198 1   3032|1|  | | | | | | | | | | | | | | | | | | | | | | | | | 18| 91.9| 15.0| 16.0|  3.0|  0.0|-16.0|  0.0|  0.0|  0.0|
      83198 1   3045|1|  | | | | | | | | | | | | | | | | | | | | | | | | | 11| 36.0|  8.0| 28.5|  3.0|  0.0| 47.4|  0.0|  0.0|  0.0|
      83198 1   3049|1|  | | | | | | | | | | | | | | | | | | | | | | | | | 12| 31.0|  7.0|  3.2|  5.0|  0.0| 60.3|  0.0|  0.0|  0.0|
      83198 1   3058|1|  | | | | | | | | | | | | | | | | | | | | | | | | | 22| 65.7| 21.0|  0.6|  1.0|  0.0| 25.6|  0.0|  0.0|  0.0|
      83198 1   3073|1|  | | | | | | | | | | | | | | | | | | | | | | | | | 13| 45.0|  8.0| 23.9|  5.0|  0.0| 39.7|  0.0|  0.0|  0.0|
      83198 1   3083|1|  | | | | | | | | | | | | | | | | | | | | | | | | | 16| 59.4| 13.0| 10.3|  3.0|  0.0| 30.2|  0.0|  0.0|  0.0|
      83198 1   3111|1|  | | | | | | | | | | | | | | | | | | | | | | | | | 21| 75.4| 14.0| 12.2|  7.0|  0.0| 10.2|  0.0|  0.0|  0.0|
      83198 1   3116|1|  | | | | | | | | | | | | | | | | | | | | | | | | | 23| 75.4| 17.0| 14.2|  6.0|  0.0|  7.2|  0.0|  0.0|  0.0|
      83198 1   3130|1|  | | | | | | | | | | | | | | | | | | | | | | | | | 29| 90.1| 25.0|  7.8|  4.0|  0.0| -7.7|  0.0|  0.0|  0.0|
      83198 1   3142|1|  | | | | | | | | | | | | | | | | | | | | | | | | | 16| 64.6| 16.0| 14.6|  0.0|  0.0| 22.4|  0.0|  0.0|  0.0|
      83198 1   3143|1|  | | | | | | | | | | | | | | | | | | | | | | | | |  2| 90.0|  2.0|  1.7|  0.0|  0.0| -1.0|  0.0|  0.0|  0.0|
      83198 1   3144|1|  | | | | | | | | | | | | | | | | | | | | | | | | | 13| 79.4| 10.0| 14.9|  3.0|  0.0| -8.9|  0.0|  0.0|  0.0|
      83198 1   3195|1|  | | | | | | | | | | | | | | | | | | | | | | | | | 17| 45.9| 11.0|  3.2|  6.0|  0.0| 45.4|  0.0|  0.0|  0.0|
      83198 1   3205|1|  | | | | | | | | | | | | | | | | | | | | | | | | |  2| 18.7|  2.0| 10.9|  0.0|  0.0| 71.8|  0.0|  0.0|  0.0|
      83198 1   3209|1|  | | | | | | | | | | | | | | | | | | | | | | | | | 22| 81.9| 18.0|  5.5|  4.0|  0.0|  7.7|  0.0|  0.0|  0.0|
      83198 1   3275|1|  | | | | | | | | | | | | | | | | | | | | | | | | | 22| 67.2| 16.0|  8.9|  6.0|  0.0| 22.4|  0.0|  0.0|  0.0|
      83198 1   3296|1|  | | | | | | | | | | | | | | | | | | | | | | | | | 23| 69.1| 15.0| 11.4|  8.0|  0.0| 19.1|  0.0|  0.0|  0.0|
      83198 1   3303|1|  | | | | | | | | | | | | | | | | | | | | | | | | | 14| 83.8| 10.0| 14.2|  4.0|  0.0|-12.0|  0.0|  0.0|  0.0|
      83198 1   3314|1|  | | | | | | | | | | | | | | | | | | | | | | | | | 13| 64.5| 11.0| 23.1|  2.0|  0.0| 13.7|  0.0|  0.0|  0.0|
      83198 1   3331|1|  | | | | | | | | | | | | | | | | | | | | | | | | | 15| 61.5| 12.0| 20.9|  3.0|  0.0| 21.4|  0.0|  0.0|  0.0|
      83198 1   3349|1|  | | | | | | | | | | | | | | | | | | | | | | | | | 24| 64.8| 21.0|  9.2|  3.0|  0.0| 24.9|  0.0|  0.0|  0.0|
      83198 1   3386|1|  | | | | | | | | | | | | | | | | | | | | | | | | | 17| 63.5| 11.0|  9.0|  6.0|  0.0| 26.3|  0.0|  0.0|  0.0|
      83198 1   3398|1|  | | | | | | | | | | | | | | | | | | | | | | | | |  9| 31.7|  7.0|  9.7|  2.0|  0.0| 58.8|  0.0|  0.0|  0.0|
      83198 1   3403|1|  | | | | | | | | | | | | | | | | | | | | | | | | | 17| 64.5| 12.0|  2.3|  5.0|  0.0| 26.7|  0.0|  0.0|  0.0|
      83198 1   3438|1|  | | | | | | | | | | | | | | | | | | | | | | | | | 20| 52.2| 15.0|  9.2|  5.0|  0.0| 38.1|  0.0|  0.0|  0.0|
      83198 1   3445|1|  | | | | | | | | | | | | | | | | | | | | | | | | | 14| 90.6| 13.0|  5.6|  1.0|  0.0| -5.5|  0.0|  0.0|  0.0|
      83198 1   3462|1|  | | | | | | | | | | | | | | | | | | | | | | | | | 16| 52.0| 15.0| 12.3|  1.0|  0.0| 37.3|  0.0|  0.0|  0.0|
      83198 1   3480|1|  | | | | | | | | | | | | | | | | | | | | | | | | | 27| 73.9| 23.0| 19.2|  4.0|  0.0| -8.0|  0.0|  0.0|  0.0|
      83198 1   3482|1|  | | | | | | | | | | | | | | | | | | | | | | | | |  3| 33.3|  2.0| 33.3|  1.0|  0.0| 47.6|  0.0|  0.0|  0.0|
      83198 1   3489|1|  | | | | | | | | | | | | | | | | | | | | | | | | | 11| 14.7|  8.0|  4.1|  3.0|  0.0| 76.6|  0.0|  0.0|  0.0|
      83198 1   3502|1|  | | | | | | | | | | | | | | | | | | | | | | | | | 32| 82.9| 26.0| 12.2|  6.0|  0.0| -8.8|  0.0|  0.0|  0.0|
      83198 1   3532|1|  | | | | | | | | | | | | | | | | | | | | | | | | | 23| 97.4| 20.0|  7.3|  3.0|  0.0| -4.2|  0.0|  0.0|  0.0|
      83198 1   3542|1|  | | | | | | | | | | | | | | | | | | | | | | | | | 15| 91.2| 13.0| 27.0|  2.0|  0.0|-27.0|  0.0|  0.0|  0.0|
      83198 1   3558|1|  | | | | | | | | | | | | | | | | | | | | | | | | | 27| 47.3| 23.0|  0.9|  4.0|  0.0| 44.0|  0.0|  0.0|  0.0|
      83198 1   3584|1|  | | | | | | | | | | | | | | | | | | | | | | | | | 20| 62.7| 19.0| 11.1|  1.0|  0.0| 26.5|  0.0|  0.0|  0.0|
      83198 1   3587|1|  | | | | | | | | | | | | | | | | | | | | | | | | |  2| 21.5|  2.0| 21.5|  0.0|  0.0| 66.4|  0.0|  0.0|  0.0|
      83198 1   3597|1|  | | | | | | | | | | | | | | | | | | | | | | | | |  4| 30.2|  3.0| 15.0|  1.0|  0.0| 59.3|  0.0|  0.0|  0.0|
      83198 1   3649|1|  | | | | | | | | | | | | | | | | | | | | | | | | | 18| 56.1| 13.0|  5.7|  5.0|  0.0| 34.8|  0.0|  0.0|  0.0|
      83198 1   3681|1|  | | | | | | | | | | | | | | | | | | | | | | | | | 18| 54.0| 15.0|  5.4|  3.0|  0.0| 37.0|  0.0|  0.0|  0.0|
      83198 1   3692|1|  | | | | | | | | | | | | | | | | | | | | | | | | | 19| 56.9| 16.0|  7.9|  3.0|  0.0| 33.5|  0.0|  0.0|  0.0|
      83198 1   3696|1|  | | | | | | | | | | | | | | | | | | | | | | | | | 19| 86.6| 13.0|  6.8|  6.0|  0.0| -4.8|  0.0|  0.0|  0.0|
      83198 1   3718|1|  | | | | | | | | | | | | | | | | | | | | | | | | | 15| 41.7| 12.0|  7.2|  3.0|  0.0| 49.1|  0.0|  0.0|  0.0|
      83198 1   3737|1|  | | | | | | | | | | | | | | | | | | | | | | | | |  2| 88.7|  2.0|  1.6|  0.0|  0.0|  2.1|  0.0|  0.0|  0.0|
      83198 1   3788|1|  | | | | | | | | | | | | | | | | | | | | | | | | | 11| 49.0|  6.0|  7.7|  5.0|  0.0| 41.6|  0.0|  0.0|  0.0|
      83198 1   3795|1|  | | | | | | | | | | | | | | | | | | | | | | | | |  6| 55.8|  3.0| 20.8|  3.0|  0.0| 28.8|  0.0|  0.0|  0.0|
      83198 1   3801|1|  | | | | | | | | | | | | | | | | | | | | | | | | | 17| 66.2| 10.0|  6.1|  7.0|  0.0| 24.4|  0.0|  0.0|  0.0|
      83198 1   3802|1|  | | | | | | | | | | | | | | | | | | | | | | | | | 16| 49.8| 11.0| 11.2|  5.0|  0.0| 40.1|  0.0|  0.0|  0.0|
      83198 1   3806|1|  | | | | | | | | | | | | | | | | | | | | | | | | | 19| 61.4| 14.0|  4.3|  5.0|  0.0| 29.7|  0.0|  0.0|  0.0|
      83198 1   3813|1|  | | | | | | | | | | | | | | | | | | | | | | | | | 16| 67.6| 11.0|  7.9|  5.0|  0.0| 22.4|  0.0|  0.0|  0.0|
      83198 1   3827|1|  | | | | | | | | | | | | | | | | | | | | | | | | | 14| 42.1|  9.0| 12.1|  5.0|  0.0| 47.8|  0.0|  0.0|  0.0|
      83198 1   3829|1|  | | | | | | | | | | | | | | | | | | | | | | | | | 11| 58.8| 10.0| 14.3|  1.0|  0.0| 29.3|  0.0|  0.0|  0.0|
      83198 1   3843|1|  | | | | | | | | | | | | | | | | | | | | | | | | | 18| 93.9| 15.0|  2.5|  3.0|  0.0|  0.6|  0.0|  0.0|  0.0|
      83198 1   3863|1|  | | | | | | | | | | | | | | | | | | | | | | | | | 18| 72.2| 12.0| 15.4|  6.0|  0.0| 11.4|  0.0|  0.0|  0.0|
      83198 1   3875|1|  | | | | | | | | | | | | | | | | | | | | | | | | | 20| 57.4| 16.0|  1.7|  4.0|  0.0| 34.0|  0.0|  0.0|  0.0|
      83198 1   3886|1|  | | | | | | | | | | | | | | | | | | | | | | | | | 18| 73.7| 12.0|  7.4|  6.0|  0.0| 16.1|  0.0|  0.0|  0.0|
      83198 1   3909|1|  | | | | | | | | | | | | | | | | | | | | | | | | | 17| 47.8| 15.0| 20.5|  2.0|  0.0| 38.4|  0.0|  0.0|  0.0|
      83198 1   3923|1|  | | | | | | | | | | | | | | | | | | | | | | | | | 13| 71.4| 12.0|  8.2|  1.0|  0.0| 18.2|  0.0|  0.0|  0.0|
      83198 1   3931|1|  | | | | | | | | | | | | | | | | | | | | | | | | | 19| 68.6| 17.0|  8.6|  2.0|  0.0| 21.0|  0.0|  0.0|  0.0|
      83198 1   3937|1|  | | | | | | | | | | | | | | | | | | | | | | | | | 23| 52.5| 19.0|  6.8|  4.0|  0.0| 38.3|  0.0|  0.0|  0.0|
      83198 1   3951|1|  | | | | | | | | | | | | | | | | | | | | | | | | | 19| 66.1| 14.0| 11.5|  5.0|  0.0| 22.5|  0.0|  0.0|  0.0|
      83198 1   3956|1|  | | | | | | | | | | | | | | | | | | | | | | | | | 28| 80.4| 23.0| 12.6|  5.0|  0.0| -6.1|  0.0|  0.0|  0.0|
      83198 1   3971|1|  | | | | | | | | | | | | | | | | | | | | | | | | | 22| 67.0| 19.0| 13.2|  3.0|  0.0| 20.5|  0.0|  0.0|  0.0|
      83198 1   3993|1|  | | | | | | | | | | | | | | | | | | | | | | | | |  2| 89.7|  2.0|  3.9|  0.0|  0.0| -3.5|  0.0|  0.0|  0.0|
      83198 1   3997|1|  | | | | | | | | | | | | | | | | | | | | | | | | | 16| 55.5| 11.0| 17.2|  5.0|  0.0| 31.5|  0.0|  0.0|  0.0|
      83198 1   4003|1|  | | | | | | | | | | | | | | | | | | | | | | | | | 23| 55.1| 15.0|  3.3|  8.0|  0.0| 36.1|  0.0|  0.0|  0.0|
      83198 1   4010|1|  | | | | | | | | | | | | | | | | | | | | | | | | | 25| 52.9| 15.0|  6.1| 10.0|  0.0| 37.9|  0.0|  0.0|  0.0|
      83198 1   4023|1|  | | | | | | | | | | | | | | | | | | | | | | | | |  2| 53.6|  2.0| 26.4|  0.0|  0.0| 26.9|  0.0|  0.0|  0.0|
      83198 1   4025|1|  | | | | | | | | | | | | | | | | | | | | | | | | | 20| 63.0| 16.0|  6.2|  4.0|  0.0| 27.7|  0.0|  0.0|  0.0|
      83198 1   4064|1|  | | | | | | | | | | | | | | | | | | | | | | | | | 15| 48.8| 12.0|  8.0|  3.0|  0.0| 41.8|  0.0|  0.0|  0.0|
      83198 1   4065|1|  | | | | | | | | | | | | | | | | | | | | | | | | | 26| 74.0| 19.0|  3.2|  7.0|  0.0| 17.0|  0.0|  0.0|  0.0|
      83198 1   4081|1|  | | | | | | | | | | | | | | | | | | | | | | | | | 17| 51.4| 11.0| 11.7|  6.0|  0.0| 38.2|  0.0|  0.0|  0.0|
      83198 1   4102|1|  | | | | | | | | | | | | | | | | | | | | | | | | |  6| 82.1|  2.0| 32.2|  4.0|  0.0|-30.8|  0.0|  0.0|  0.0|
      83198 1   4117|1|  | | | | | | | | | | | | | | | | | | | | | | | | | 25| 66.0| 21.0| 19.6|  4.0|  0.0| 16.0|  0.0|  0.0|  0.0|
      83198 1   4124|1|  | | | | | | | | | | | | | | | | | | | | | | | | | 29| 61.8| 22.0|  7.2|  7.0|  0.0| 28.7|  0.0|  0.0|  0.0|
      83198 1   4158|1|  | | | | | | | | | | | | | | | | | | | | | | | | |  2| 91.6|  2.0|  1.5|  0.0|  0.0| -1.4|  0.0|  0.0|  0.0|
      83198 1   4159|1|  | | | | | | | | | | | | | | | | | | | | | | | | | 15| 99.0| 10.0| 25.2|  5.0|  0.0|-24.0|  0.0|  0.0|  0.0|
      83198 1   4190|1|  | | | | | | | | | | | | | | | | | | | | | | | | | 15| 49.8| 11.0| 19.8|  4.0|  0.0| 36.5|  0.0|  0.0|  0.0|
      83198 1   4215|1|  | | | | | | | | | | | | | | | | | | | | | | | | |  3| 96.4|  2.0|  2.8|  1.0|  0.0|  4.1|  0.0|  0.0|  0.0|
      83198 1   4219|1|  | | | | | | | | | | | | | | | | | | | | | | | | |  4| 76.3|  2.0| 29.1|  2.0|  0.0|-24.9|  0.0|  0.0|  0.0|
      83198 1   4225|1|  | | | | | | | | | | | | | | | | | | | | | | | | | 18| 76.1| 14.0| 10.9|  4.0|  0.0| 10.6|  0.0|  0.0|  0.0|
      83198 1   4231|1|  | | | | | | | | | | | | | | | | | | | | | | | | |  2|  9.7|  2.0|  8.0|  0.0|  0.0| 81.3|  0.0|  0.0|  0.0|
      83198 1   4232|1|  | | | | | | | | | | | | | | | | | | | | | | | | | 21| 72.3| 19.0|  0.9|  2.0|  0.0| 19.0|  0.0|  0.0|  0.0|
      83198 1   4236|1|  | | | | | | | | | | | | | | | | | | | | | | | | | 26| 66.8| 22.0| 18.7|  4.0|  0.0| 15.9|  0.0|  0.0|  0.0|
      83198 1   4239|1|  | | | | | | | | | | | | | | | | | | | | | | | | | 23| 68.8| 16.0|  9.9|  7.0|  0.0| 20.3|  0.0|  0.0|  0.0|
      83198 1   4276|1|  | | | | | | | | | | | | | | | | | | | | | | | | | 26| 79.5| 22.0|  3.4|  4.0|  0.0| 11.4|  0.0|  0.0|  0.0|
      83198 1   4279|1|  | | | | | | | | | | | | | | | | | | | | | | | | | 16| 58.6| 12.0| 28.0|  4.0|  0.0| 16.9|  0.0|  0.0|  0.0|
      83198 1   4289|1|  | | | | | | | | | | | | | | | | | | | | | | | | | 13| 46.1| 10.0| 18.1|  3.0|  0.0| 41.5|  0.0|  0.0|  0.0|
      83198 1   4343|1|  | | | | | | | | | | | | | | | | | | | | | | | | | 27| 65.3| 22.0|  7.7|  5.0|  0.0| 24.9|  0.0|  0.0|  0.0|
      83198 1   4349|1|  | | | | | | | | | | | | | | | | | | | | | | | | | 21| 69.7| 15.0|  5.1|  6.0|  0.0| 21.1|  0.0|  0.0|  0.0|
      83198 1   4364|1|  | | | | | | | | | | | | | | | | | | | | | | | | | 12| 67.4|  9.0| 25.6|  3.0|  0.0| -9.0|  0.0|  0.0|  0.0|
      83198 1   4374|1|  | | | | | | | | | | | | | | | | | | | | | | | | | 17| 50.4| 10.0| 23.0|  7.0|  0.0| 33.8|  0.0|  0.0|  0.0|
      83198 1   4375|1|  | | | | | | | | | | | | | | | | | | | | | | | | | 21| 65.5| 14.0| 13.8|  7.0|  0.0| 21.9|  0.0|  0.0|  0.0|
