      83024 1   5711|1|  | | | | | | | | | | | | | | | | | | | | | | | | |  2| 93.5|  2.0|  1.3|  0.0|  0.0|  1.6|  0.0|  0.0|  0.0|
      83024 1   5734|1|  | | | | | | | | | | | | | | | | | | | | | | | | | 26| 84.8| 22.0|  5.0|  4.0|  0.0|  4.3|  0.0|  0.0|  0.0|
      83024 1   5746|1|  | | | | | | | | | | | | | | | | | | | | | | | | |  2| 87.5|  2.0|  5.8|  0.0|  0.0| -4.3|  0.0|  0.0|  0.0|
      83024 1   5767|1|  | | | | | | | | | | | | | | | | | | | | | | | | | 22| 65.2| 19.0| 17.2|  3.0|  0.0| 19.8|  0.0|  0.0|  0.0|
      83024 1   5780|1|  | | | | | | | | | | | | | | | | | | | | | | | | | 26| 70.0| 19.0|  8.8|  7.0|  0.0| 19.5|  0.0|  0.0|  0.0|
      83024 1   5784|1|  | | | | | | | | | | | | | | | | | | | | | | | | | 12| 50.8| 10.0|  9.4|  2.0|  0.0| 39.4|  0.0|  0.0|  0.0|
      83024 1   5789|1|  | | | | | | | | | | | | | | | | | | | | | | | | | 24| 82.6| 17.0| 18.7|  7.0|  0.0|-16.5|  0.0|  0.0|  0.0|
      83024 1   5829|1|  | | | | | | | | | | | | | | | | | | | | | | | | | 15| 61.7| 13.0| 18.4|  2.0|  0.0| 23.4|  0.0|  0.0|  0.0|
      83024 1   5850|1|  | | | | | | | | | | | | | | | | | | | | | | | | | 23| 61.5| 19.0|  9.3|  4.0|  0.0| 28.3|  0.0|  0.0|  0.0|
      83024 1   5881|1|  | | | | | | | | | | | | | | | | | | | | | | | | | 14| 73.2| 12.0| 10.4|  2.0|  0.0| 14.9|  0.0|  0.0|  0.0|
      83024 1   5905|1|  | | | | | | | | | | | | | | | | | | | | | | | | | 15| 76.3| 12.0| 19.1|  3.0|  0.0|-11.7|  0.0|  0.0|  0.0|
      83024 1   5913|1|  | | | | | | | | | | | | | | | | | | | | | | | | | 11| 94.3|  4.0| 43.0|  7.0|  0.0|-42.9|  0.0|  0.0|  0.0|
      83024 1   5919|1|  | | | | | | | | | | | | | | | | | | | | | | | | | 14| 38.9| 10.0| 10.0|  4.0|  0.0| 51.5|  0.0|  0.0|  0.0|
      83024 1   5923|1|  | | | | | | | | | | | | | | | | | | | | | | | | | 19| 66.9| 17.0| 12.2|  2.0|  0.0| 21.1|  0.0|  0.0|  0.0|
      83024 1   5950|1|  | | | | | | | | | | | | | | | | | | | | | | | | | 25| 93.9| 18.0| 12.4|  7.0|  0.0|-12.2|  0.0|  0.0|  0.0|
      83024 1   5969|1|  | | | | | | | | | | | | | | | | | | | | | | | | | 15| 63.8| 11.0|  2.2|  4.0|  0.0| 27.5|  0.0|  0.0|  0.0|
      83024 1   5985|1|  | | | | | | | | | | | | | | | | | | | | | | | | | 14| 58.0| 12.0|  6.6|  2.0|  0.0| 32.7|  0.0|  0.0|  0.0|
      83024 1   6020|1|  | | | | | | | | | | | | | | | | | | | | | | | | | 19| 76.1| 15.0|  1.8|  4.0|  0.0| 15.2|  0.0|  0.0|  0.0|
      83024 1   6042|1|  | | | | | | | | | | | | | | | | | | | | | | | | | 22| 62.2| 16.0|  6.6|  6.0|  0.0| 28.4|  0.0|  0.0|  0.0|
      83024 1   6046|1|  | | | | | | | | | | | | | | | | | | | | | | | | | 16| 61.2| 14.0| 11.2|  2.0|  0.0| 28.0|  0.0|  0.0|  0.0|
      83024 1   6056|1|  | | | | | | | | | | | | | | | | | | | | | | | | | 14| 76.5|  8.0| 33.5|  6.0|  0.0|-30.0|  0.0|  0.0|  0.0|
      83024 1   6071|1|  | | | | | | | | | | | | | | | | | | | | | | | | | 18| 70.2| 12.0|  5.3|  6.0|  0.0| 20.4|  0.0|  0.0|  0.0|
      83024 1   6075|1|  | | | | | | | | | | | | | | | | | | | | | | | | | 22| 80.9| 14.0|  8.5|  8.0|  0.0|  6.2|  0.0|  0.0|  0.0|
      83024 1   6082|1|  | | | | | | | | | | | | | | | | | | | | | | | | | 16| 72.2| 10.0|  6.6|  6.0|  0.0| 17.9|  0.0|  0.0|  0.0|
      83024 1   6087|1|  | | | | | | | | | | | | | | | | | | | | | | | | | 21| 62.6| 20.0| 15.2|  1.0|  0.0| 24.4|  0.0|  0.0|  0.0|
      83024 1   6094|1|  | | | | | | | | | | | | | | | | | | | | | | | | | 16| 74.6| 11.0|  8.5|  5.0|  0.0| 14.5|  0.0|  0.0|  0.0|
      83024 1   6127|1|  | | | | | | | | | | | | | | | | | | | | | | | | |  2| 95.4|  2.0|  4.7|  0.0|  0.0| -2.4|  0.0|  0.0|  0.0|
      83024 1   6131|1|  | | | | | | | | | | | | | | | | | | | | | | | | | 18| 70.4| 12.0|  1.1|  6.0|  0.0| 20.9|  0.0|  0.0|  0.0|
      83024 1   6139|1|  | | | | | | | | | | | | | | | | | | | | | | | | |  3| 78.2|  2.0|  6.3|  1.0|  0.0| 11.5|  0.0|  0.0|  0.0|
      83024 1   6145|1|  | | | | | | | | | | | | | | | | | | | | | | | | | 28| 64.7| 20.0|  5.8|  8.0|  0.0| 26.0|  0.0|  0.0|  0.0|
      83024 1   6169|1|  | | | | | | | | | | | | | | | | | | | | | | | | | 14| 35.9| 12.0| 11.0|  2.0|  0.0| 54.4|  0.0|  0.0|  0.0|
      83024 1   6188|1|  | | | | | | | | | | | | | | | | | | | | | | | | | 14| 69.3| 10.0| 12.3|  4.0|  0.0| 18.2|  0.0|  0.0|  0.0|
      83024 1   6205|1|  | | | | | | | | | | | | | | | | | | | | | | | | | 10| 86.9|  8.0|  9.6|  2.0|  0.0| -8.5|  0.0|  0.0|  0.0|
      83024 1   6213|1|  | | | | | | | | | | | | | | | | | | | | | | | | | 16| 59.7| 13.0| 18.0|  3.0|  0.0| 26.1|  0.0|  0.0|  0.0|
      83024 1   6228|1|  | | | | | | | | | | | | | | | | | | | | | | | | |  6| 18.8|  6.0| 15.5|  0.0|  0.0| 70.9|  0.0|  0.0|  0.0|
      83024 1   6229|1|  | | | | | | | | | | | | | | | | | | | | | | | | | 17| 65.5| 16.0| 21.9|  1.0|  0.0| 13.7|  0.0|  0.0|  0.0|
      83024 1   6259|1|  | | | | | | | | | | | | | | | | | | | | | | | | | 17| 64.3| 13.0|  9.5|  4.0|  0.0| 25.3|  0.0|  0.0|  0.0|
      83024 1   6276|1|  | | | | | | | | | | | | | | | | | | | | | | | | | 28| 57.3| 20.0|  3.7|  8.0|  0.0| 33.8|  0.0|  0.0|  0.0|
      83024 1   6298|1|  | | | | | | | | | | | | | | | | | | | | | | | | | 22| 72.3| 16.0|  1.1|  6.0|  0.0| 19.0|  0.0|  0.0|  0.0|
      83024 1   6310|1|  | | | | | | | | | | | | | | | | | | | | | | | | | 18| 70.1| 15.0| 19.7|  3.0|  0.0|  8.0|  0.0|  0.0|  0.0|
      83024 1   6370|1|  | | | | | | | | | | | | | | | | | | | | | | | | |  2|100.6|  2.0|  7.3|  0.0|  0.0|  5.6|  0.0|  0.0|  0.0|
      83024 1   6384|1|  | | | | | | | | | | | | | | | | | | | | | | | | | 18| 74.8| 14.0| 32.8|  4.0|  0.0|-28.3|  0.0|  0.0|  0.0|
      83024 1   6412|1|  | | | | | | | | | | | | | | | | | | | | | | | | |  2| 10.9|  2.0|  0.0|  0.0|  0.0| 80.5|  0.0|  0.0|  0.0|
      83024 1   6413|1|  | | | | | | | | | | | | | | | | | | | | | | | | | 18| 58.3| 13.0|  6.9|  5.0|  0.0| 32.3|  0.0|  0.0|  0.0|
      83024 1   6422|1|  | | | | | | | | | | | | | | | | | | | | | | | | | 21| 73.2| 17.0|  1.4|  4.0|  0.0| 18.1|  0.0|  0.0|  0.0|
      83024 1   6473|1|  | | | | | | | | | | | | | | | | | | | | | | | | | 19| 77.6| 16.0|  5.8|  3.0|  0.0| 12.4|  0.0|  0.0|  0.0|
      83024 1   6483|1|  | | | | | | | | | | | | | | | | | | | | | | | | | 13| 70.0|  5.0| 27.4|  8.0|  0.0|-17.2|  0.0|  0.0|  0.0|
      83024 1   6530|1|  | | | | | | | | | | | | | | | | | | | | | | | | |  2| 72.3|  2.0|  0.8|  0.0|  0.0| 19.1|  0.0|  0.0|  0.0|
      83024 1   6544|1|  | | | | | | | | | | | | | | | | | | | | | | | | | 22| 73.0| 15.0|  7.4|  7.0|  0.0| 16.8|  0.0|  0.0|  0.0|
      83024 1   6569|1|  | | | | | | | | | | | | | | | | | | | | | | | | | 14| 68.7|  9.0|  3.7|  5.0|  0.0| 22.3|  0.0|  0.0|  0.0|
      83024 1   6587|1|  | | | | | | | | | | | | | | | | | | | | | | | | |  4| 84.7|  2.0|  3.4|  2.0|  0.0|  5.8|  0.0|  0.0|  0.0|
      83024 1   6595|1|  | | | | | | | | | | | | | | | | | | | | | | | | | 15| 38.1| 13.0|  4.4|  2.0|  0.0| 53.0|  0.0|  0.0|  0.0|
      83024 1   6609|1|  | | | | | | | | | | | | | | | | | | | | | | | | | 30| 72.8| 22.0|  3.7|  8.0|  0.0| 18.2|  0.0|  0.0|  0.0|
      83024 1   6627|1|  | | | | | | | | | | | | | | | | | | | | | | | | | 17| 77.0| 16.0|  6.8|  1.0|  0.0| 12.6|  0.0|  0.0|  0.0|
      83024 1   6650|1|  | | | | | | | | | | | | | | | | | | | | | | | | | 19| 77.3| 15.0|  6.6|  4.0|  0.0| 12.4|  0.0|  0.0|  0.0|
      83024 1   6664|1|  | | | | | | | | | | | | | | | | | | | | | | | | |  2| 91.4|  2.0|  3.1|  0.0|  0.0| -3.1|  0.0|  0.0|  0.0|
      83024 1   6682|1|  | | | | | | | | | | | | | | | | | | | | | | | | | 15| 58.1|  9.0| 19.2|  6.0|  0.0| 27.2|  0.0|  0.0|  0.0|
      83024 1   6683|1|  | | | | | | | | | | | | | | | | | | | | | | | | | 25| 80.9| 21.0|  2.4|  4.0|  0.0| 10.2|  0.0|  0.0|  0.0|
      83024 1   6698|1|  | | | | | | | | | | | | | | | | | | | | | | | | | 29| 62.5| 28.0|  8.3|  1.0|  0.0| 27.6|  0.0|  0.0|  0.0|
      83024 1   6705|1|  | | | | | | | | | | | | | | | | | | | | | | | | | 22| 85.7| 19.0|  2.1|  3.0|  0.0|  5.2|  0.0|  0.0|  0.0|
      83024 1   6733|1|  | | | | | | | | | | | | | | | | | | | | | | | | | 19| 59.1| 13.0| 14.3|  6.0|  0.0| 28.9|  0.0|  0.0|  0.0|
      83024 1   6735|1|  | | | | | | | | | | | | | | | | | | | | | | | | |  5| 11.0|  4.0|  8.5|  1.0|  0.0| 79.9|  0.0|  0.0|  0.0|
      83024 1   6781|1|  | | | | | | | | | | | | | | | | | | | | | | | | | 13| 76.4| 11.0| 10.9|  2.0|  0.0| 10.2|  0.0|  0.0|  0.0|
      83024 1   6822|1|  | | | | | | | | | | | | | | | | | | | | | | | | |  3| 83.4|  3.0| 15.3|  0.0|  0.0|-13.1|  0.0|  0.0|  0.0|
      83024 1   6840|1|  | | | | | | | | | | | | | | | | | | | | | | | | | 24| 72.5| 17.0|  6.2|  7.0|  0.0| 17.8|  0.0|  0.0|  0.0|
      83024 1   6842|1|  | | | | | | | | | | | | | | | | | | | | | | | | | 23| 81.0| 16.0|  6.5|  7.0|  0.0|  8.0|  0.0|  0.0|  0.0|
      83024 1   6846|1|  | | | | | | | | | | | | | | | | | | | | | | | | | 12|111.1|  9.0| 18.9|  3.0|  0.0|  5.9|  0.0|  0.0|  0.0|
      83024 1   6861|1|  | | | | | | | | | | | | | | | | | | | | | | | | | 13| 56.9| 10.0| 39.3|  3.0|  0.0|-18.9|  0.0|  0.0|  0.0|
      83024 1   6924|1|  | | | | | | | | | | | | | | | | | | | | | | | | | 18| 77.3| 10.0| 21.5|  8.0|  0.0|-16.3|  0.0|  0.0|  0.0|
      83024 1   6931|1|  | | | | | | | | | | | | | | | | | | | | | | | | | 20| 79.9| 10.0|  8.6| 10.0|  0.0|  7.6|  0.0|  0.0|  0.0|
      83024 1   6933|1|  | | | | | | | | | | | | | | | | | | | | | | | | |  6| 65.6|  2.0| 26.2|  4.0|  0.0| -4.6|  0.0|  0.0|  0.0|
      83024 1   6937|1|  | | | | | | | | | | | | | | | | | | | | | | | | | 19| 67.4| 13.0| 17.3|  6.0|  0.0| 16.6|  0.0|  0.0|  0.0|
      83024 1   6939|1|  | | | | | | | | | | | | | | | | | | | | | | | | | 15| 77.6| 12.0|  4.2|  3.0|  0.0| 13.1|  0.0|  0.0|  0.0|
      83024 1   6960|1|  | | | | | | | | | | | | | | | | | | | | | | | | | 19| 73.0| 14.0| 12.4|  5.0|  0.0| 13.6|  0.0|  0.0|  0.0|
      83024 1   6962|1|  | | | | | | | | | | | | | | | | | | | | | | | | |  2| 91.2|  2.0|  4.9|  0.0|  0.0| -4.9|  0.0|  0.0|  0.0|
      83024 1   6968|1|  | | | | | | | | | | | | | | | | | | | | | | | | | 20| 73.6| 16.0|  3.5|  4.0|  0.0| 17.4|  0.0|  0.0|  0.0|
      83024 1   7004|1|  | | | | | | | | | | | | | | | | | | | | | | | | | 18| 57.8| 11.0| 22.3|  7.0|  0.0| 25.1|  0.0|  0.0|  0.0|
      83024 1   7009|1|  | | | | | | | | | | | | | | | | | | | | | | | | | 14| 42.6| 10.0| 10.2|  4.0|  0.0| 47.6|  0.0|  0.0|  0.0|
      83024 1   7030|1|  | | | | | | | | | | | | | | | | | | | | | | | | | 18| 51.4| 13.0| 17.6|  5.0|  0.0| 35.9|  0.0|  0.0|  0.0|
      83024 1   7035|1|  | | | | | | | | | | | | | | | | | | | | | | | | |  4| 39.0|  2.0| 15.9|  2.0|  0.0| 49.9|  0.0|  0.0|  0.0|
      83024 1   7045|1|  | | | | | | | | | | | | | | | | | | | | | | | | |  4| 34.5|  3.0|  7.0|  1.0|  0.0| 56.4|  0.0|  0.0|  0.0|
      83024 1   7074|1|  | | | | | | | | | | | | | | | | | | | | | | | | | 22| 52.9| 18.0| 11.7|  4.0|  0.0| 36.7|  0.0|  0.0|  0.0|
      83024 1   7088|1|  | | | | | | | | | | | | | | | | | | | | | | | | | 11| 32.4|  5.0|  2.2|  6.0|  0.0| 58.9|  0.0|  0.0|  0.0|
      83024 1   7093|1|  | | | | | | | | | | | | | | | | | | | | | | | | |  3| 55.6|  2.0|  1.8|  1.0|  0.0| 35.7|  0.0|  0.0|  0.0|
      83024 1   7100|1|  | | | | | | | | | | | | | | | | | | | | | | | | |  2| 92.3|  2.0|  6.9|  0.0|  0.0| -6.8|  0.0|  0.0|  0.0|
      83024 1   7116|1|  | | | | | | | | | | | | | | | | | | | | | | | | | 22| 82.1| 16.0| 13.4|  6.0|  0.0| -9.7|  0.0|  0.0|  0.0|
      83024 1   7120|1|  | | | | | | | | | | | | | | | | | | | | | | | | | 22| 75.2| 20.0| 13.0|  2.0|  0.0|  9.7|  0.0|  0.0|  0.0|
      83024 1   7146|1|  | | | | | | | | | | | | | | | | | | | | | | | | | 11| 60.8|  8.0|  6.2|  3.0|  0.0| 30.0|  0.0|  0.0|  0.0|
      83024 1   7151|1|  | | | | | | | | | | | | | | | | | | | | | | | | | 20| 60.8| 15.0| 13.3|  5.0|  0.0| 27.5|  0.0|  0.0|  0.0|
      83024 1   7166|1|  | | | | | | | | | | | | | | | | | | | | | | | | | 12| 37.2| 10.0|  3.1|  2.0|  0.0| 54.1|  0.0|  0.0|  0.0|
      83024 1   7176|1|  | | | | | | | | | | | | | | | | | | | | | | | | | 18| 58.5| 16.0|  7.8|  2.0|  0.0| 31.9|  0.0|  0.0|  0.0|
      83024 1   7261|1|  | | | | | | | | | | | | | | | | | | | | | | | | | 25| 65.4| 22.0|  4.9|  3.0|  0.0| 25.5|  0.0|  0.0|  0.0|
      83024 1   7282|1|  | | | | | | | | | | | | | | | | | | | | | | | | | 19| 68.2| 14.0| 19.9|  5.0|  0.0| 11.9|  0.0|  0.0|  0.0|
      83024 1   7318|1|  | | | | | | | | | | | | | | | | | | | | | | | | |  9| 18.1|  8.0| 13.1|  1.0|  0.0| 72.1|  0.0|  0.0|  0.0|
      83024 1   7319|1|  | | | | | | | | | | | | | | | | | | | | | | | | | 19| 92.1| 10.0| 17.2|  9.0|  0.0|-17.2|  0.0|  0.0|  0.0|
      83024 1   7332|1|  | | | | | | | | | | | | | | | | | | | | | | | | |  7| 44.2|  5.0| 38.7|  2.0|  0.0| 26.8|  0.0|  0.0|  0.0|
      83024 1   7361|1|  | | | | | | | | | | | | | | | | | | | | | | | | | 10| 19.7|  7.0|  3.4|  3.0|  0.0| 71.6|  0.0|  0.0|  0.0|
      83024 1   7364|1|  | | | | | | | | | | | | | | | | | | | | | | | | | 19| 32.4| 16.0|  3.7|  3.0|  0.0| 58.8|  0.0|  0.0|  0.0|
      83024 1   7372|1|  | | | | | | | | | | | | | | | | | | | | | | | | | 15| 42.4| 10.0|  4.4|  5.0|  0.0| 48.8|  0.0|  0.0|  0.0|
      83024 1   7376|1|  | | | | | | | | | | | | | | | | | | | | | | | | | 27| 62.1| 20.0|  3.6|  7.0|  0.0| 29.1|  0.0|  0.0|  0.0|
