      82662 1  11324|1|  | | | | | | | | | | | | | | | | | | | | | | | | | 12| 24.6| 11.0| 11.5|  1.0|  0.0| 65.7|  0.0|  0.0|  0.0|
      82662 1  11327|1|  | | | | | | | | | | | | | | | | | | | | | | | | | 14| 36.1|  7.0| 13.5|  7.0|  0.0| 53.6|  0.0|  0.0|  0.0|
      82662 1  11367|1|  | | | | | | | | | | | | | | | | | | | | | | | | | 23| 77.6| 18.0|  2.3|  5.0|  0.0| 13.5|  0.0|  0.0|  0.0|
      82662 1  11375|1|  | | | | | | | | | | | | | | | | | | | | | | | | | 14| 69.0| 12.0| 16.0|  2.0|  0.0| 15.6|  0.0|  0.0|  0.0|
      82662 1  11383|1|  | | | | | | | | | | | | | | | | | | | | | | | | |  2|  7.3|  2.0|  0.5|  0.0|  0.0| 84.0|  0.0|  0.0|  0.0|
      82662 1  11387|1|  | | | | | | | | | | | | | | | | | | | | | | | | | 19| 82.4| 16.0|  2.8|  3.0|  0.0|  8.5|  0.0|  0.0|  0.0|
      82662 1  11399|1|  | | | | | | | | | | | | | | | | | | | | | | | | | 22| 48.7| 15.0|  4.1|  7.0|  0.0| 42.5|  0.0|  0.0|  0.0|
      82662 1  11421|1|  | | | | | | | | | | | | | | | | | | | | | | | | |  2| 99.4|  2.0|  3.7|  0.0|  0.0|  7.2|  0.0|  0.0|  0.0|
      82662 1  11429|1|  | | | | | | | | | | | | | | | | | | | | | | | | | 16| 75.0| 11.0|  4.9|  5.0|  0.0| 15.6|  0.0|  0.0|  0.0|
      82662 1  11497|1|  | | | | | | | | | | | | | | | | | | | | | | | | |  2| 83.3|  2.0|  9.8|  0.0|  0.0| -5.6|  0.0|  0.0|  0.0|
      82662 1  11504|1|  | | | | | | | | | | | | | | | | | | | | | | | | | 25| 56.3| 19.0|  6.4|  6.0|  0.0| 34.5|  0.0|  0.0|  0.0|
      82662 1  11533|1|  | | | | | | | | | | | | | | | | | | | | | | | | | 17| 75.7| 11.0|  3.5|  6.0|  0.0| 15.3|  0.0|  0.0|  0.0|
      82662 1  11543|1|  | | | | | | | | | | | | | | | | | | | | | | | | | 23| 86.5| 16.0|  6.1|  7.0|  0.0| -3.6|  0.0|  0.0|  0.0|
      82662 1  11615|1|  | | | | | | | | | | | | | | | | | | | | | | | | | 17| 31.5| 12.0|  8.0|  5.0|  0.0| 59.3|  0.0|  0.0|  0.0|
      82662 1  11617|1|  | | | | | | | | | | | | | | | | | | | | | | | | | 13| 80.4| 10.0|  2.1|  3.0|  0.0| 10.7|  0.0|  0.0|  0.0|
      82662 1  11622|1|  | | | | | | | | | | | | | | | | | | | | | | | | | 22| 44.7| 15.0|  5.6|  7.0|  0.0| 46.3|  0.0|  0.0|  0.0|
      82662 1  11625|1|  | | | | | | | | | | | | | | | | | | | | | | | | |  3| 97.8|  3.0|  2.4|  0.0|  0.0|  6.0|  0.0|  0.0|  0.0|
      82662 1  11657|1|  | | | | | | | | | | | | | | | | | | | | | | | | | 25| 71.9| 16.0|  2.8|  9.0|  0.0| 19.2|  0.0|  0.0|  0.0|
      82662 1  11659|1|  | | | | | | | | | | | | | | | | | | | | | | | | | 11| 46.0|  8.0|  5.4|  3.0|  0.0| 45.0|  0.0|  0.0|  0.0|
      82662 1  11666|1|  | | | | | | | | | | | | | | | | | | | | | | | | | 15| 45.3| 11.0|  3.7|  4.0|  0.0| 45.9|  0.0|  0.0|  0.0|
      82662 1  11685|1|  | | | | | | | | | | | | | | | | | | | | | | | | |  9| 27.2|  5.0|  5.8|  4.0|  0.0| 63.9|  0.0|  0.0|  0.0|
      82662 1  11695|1|  | | | | | | | | | | | | | | | | | | | | | | | | | 25| 58.7| 20.0| 10.7|  5.0|  0.0| 30.8|  0.0|  0.0|  0.0|
      82662 1  11704|1|  | | | | | | | | | | | | | | | | | | | | | | | | | 16| 73.1| 11.0| 23.8|  5.0|  0.0|-15.3|  0.0|  0.0|  0.0|
      82662 1  11708|1|  | | | | | | | | | | | | | | | | | | | | | | | | | 24| 66.1| 17.0|  4.1|  7.0|  0.0| 24.9|  0.0|  0.0|  0.0|
      82662 1  11719|1|  | | | | | | | | | | | | | | | | | | | | | | | | | 16| 64.5| 12.0|  2.6|  4.0|  0.0| 26.8|  0.0|  0.0|  0.0|
      82662 1  11740|1|  | | | | | | | | | | | | | | | | | | | | | | | | | 19| 64.5| 13.0| 12.7|  6.0|  0.0| 23.6|  0.0|  0.0|  0.0|
      82662 1  11758|1|  | | | | | | | | | | | | | | | | | | | | | | | | | 18| 62.7| 13.0|  6.9|  5.0|  0.0| 27.9|  0.0|  0.0|  0.0|
      82662 1  11800|1|  | | | | | | | | | | | | | | | | | | | | | | | | | 17| 66.5| 10.0|  5.7|  7.0|  0.0| 24.2|  0.0|  0.0|  0.0|
      82662 1  11808|1|  | | | | | | | | | | | | | | | | | | | | | | | | | 20| 63.2| 16.0|  8.8|  4.0|  0.0| 26.7|  0.0|  0.0|  0.0|
      82662 1  11829|1|  | | | | | | | | | | | | | | | | | | | | | | | | | 20| 51.8| 15.0|  7.2|  5.0|  0.0| 39.0|  0.0|  0.0|  0.0|
      82662 1  11842|1|  | | | | | | | | | | | | | | | | | | | | | | | | | 22| 69.1| 16.0|  9.3|  6.0|  0.0| 20.2|  0.0|  0.0|  0.0|
      82662 1  11851|1|  | | | | | | | | | | | | | | | | | | | | | | | | |  4| 59.7|  4.0| 27.3|  0.0|  0.0| 16.0|  0.0|  0.0|  0.0|
      82662 1  11872|1|  | | | | | | | | | | | | | | | | | | | | | | | | | 19| 56.2| 13.0|  5.3|  6.0|  0.0| 34.7|  0.0|  0.0|  0.0|
      82662 1  11890|1|  | | | | | | | | | | | | | | | | | | | | | | | | |  2|102.6|  2.0| 18.4|  0.0|  0.0|-14.6|  0.0|  0.0|  0.0|
      82662 1  11893|1|  | | | | | | | | | | | | | | | | | | | | | | | | | 21| 69.3| 17.0|  5.6|  4.0|  0.0| 21.3|  0.0|  0.0|  0.0|
      82662 1  11897|1|  | | | | | | | | | | | | | | | | | | | | | | | | | 16| 71.8| 11.0| 20.0|  5.0|  0.0| -4.3|  0.0|  0.0|  0.0|
      82662 1  11920|1|  | | | | | | | | | | | | | | | | | | | | | | | | | 23| 51.0| 16.0|  8.3|  7.0|  0.0| 39.5|  0.0|  0.0|  0.0|
      82662 1  11942|1|  | | | | | | | | | | | | | | | | | | | | | | | | | 14| 51.3|  8.0|  1.8|  6.0|  0.0| 40.0|  0.0|  0.0|  0.0|
      82662 1  11944|1|  | | | | | | | | | | | | | | | | | | | | | | | | | 20| 60.7| 13.0|  2.7|  7.0|  0.0| 30.6|  0.0|  0.0|  0.0|
      82662 1  11952|1|  | | | | | | | | | | | | | | | | | | | | | | | | | 15| 69.9| 10.0| 13.6|  5.0|  0.0| 16.6|  0.0|  0.0|  0.0|
      82662 1  11957|1|  | | | | | | | | | | | | | | | | | | | | | | | | | 16| 69.0| 12.0| 13.9|  4.0|  0.0| 17.6|  0.0|  0.0|  0.0|
      82662 1  11962|1|  | | | | | | | | | | | | | | | | | | | | | | | | | 17| 83.0| 11.0|  1.7|  6.0|  0.0|  8.2|  0.0|  0.0|  0.0|
      82662 1  11990|1|  | | | | | | | | | | | | | | | | | | | | | | | | |  2| 97.0|  2.0|  4.6|  0.0|  0.0|  3.2|  0.0|  0.0|  0.0|
      82662 1  12001|1|  | | | | | | | | | | | | | | | | | | | | | | | | |  4| 82.5|  2.0| 19.5|  2.0|  0.0|-17.4|  0.0|  0.0|  0.0|
      82662 1  12005|1|  | | | | | | | | | | | | | | | | | | | | | | | | | 25| 69.0| 19.0| 12.1|  6.0|  0.0| 18.8|  0.0|  0.0|  0.0|
      82662 1  12011|1|  | | | | | | | | | | | | | | | | | | | | | | | | | 15| 48.4| 10.0| 10.1|  5.0|  0.0| 41.8|  0.0|  0.0|  0.0|
      82662 1  12035|1|  | | | | | | | | | | | | | | | | | | | | | | | | | 10| 73.8|  7.0|  6.8|  3.0|  0.0| 16.2|  0.0|  0.0|  0.0|
      82662 1  12036|1|  | | | | | | | | | | | | | | | | | | | | | | | | | 14| 71.8| 11.0|  9.2|  3.0|  0.0| 17.3|  0.0|  0.0|  0.0|
      82662 1  12064|1|  | | | | | | | | | | | | | | | | | | | | | | | | |  8| 12.0|  7.0|  1.8|  1.0|  0.0| 79.3|  0.0|  0.0|  0.0|
      82662 1  12065|1|  | | | | | | | | | | | | | | | | | | | | | | | | | 16| 67.5| 12.0|  7.4|  4.0|  0.0| 22.7|  0.0|  0.0|  0.0|
      82662 1  12068|1|  | | | | | | | | | | | | | | | | | | | | | | | | | 14|113.8| 11.0| 38.9|  3.0|  0.0|-31.7|  0.0|  0.0|  0.0|
      82662 1  12083|1|  | | | | | | | | | | | | | | | | | | | | | | | | | 12| 71.7|  7.0|  9.7|  5.0|  0.0| 17.1|  0.0|  0.0|  0.0|
      82662 1  12085|1|  | | | | | | | | | | | | | | | | | | | | | | | | |  2| 17.2|  2.0| 17.2|  0.0|  0.0| 72.1|  0.0|  0.0|  0.0|
      82662 1  12100|1|  | | | | | | | | | | | | | | | | | | | | | | | | | 24| 66.2| 22.0|  2.8|  2.0|  0.0| 25.0|  0.0|  0.0|  0.0|
      82662 1  12112|1|  | | | | | | | | | | | | | | | | | | | | | | | | | 16| 61.0| 14.0| 18.9|  2.0|  0.0| 23.7|  0.0|  0.0|  0.0|
      82662 1  12133|1|  | | | | | | | | | | | | | | | | | | | | | | | | | 26| 63.9| 21.0|  9.7|  5.0|  0.0| 25.6|  0.0|  0.0|  0.0|
      82662 1  12145|1|  | | | | | | | | | | | | | | | | | | | | | | | | | 17| 60.0| 11.0|  6.2|  6.0|  0.0| 30.7|  0.0|  0.0|  0.0|
      82662 1  12168|1|  | | | | | | | | | | | | | | | | | | | | | | | | | 13| 32.2| 10.0| 16.5|  3.0|  0.0| 56.8|  0.0|  0.0|  0.0|
      82662 1  12181|1|  | | | | | | | | | | | | | | | | | | | | | | | | | 20| 72.4| 17.0|  7.4|  3.0|  0.0| 17.5|  0.0|  0.0|  0.0|
      82662 1  12192|1|  | | | | | | | | | | | | | | | | | | | | | | | | | 25| 87.3| 19.0| 17.3|  6.0|  0.0|-16.8|  0.0|  0.0|  0.0|
      82662 1  12227|1|  | | | | | | | | | | | | | | | | | | | | | | | | | 15| 80.3|  9.0| 15.9|  6.0|  0.0|-11.4|  0.0|  0.0|  0.0|
      82662 1  12234|1|  | | | | | | | | | | | | | | | | | | | | | | | | | 14| 51.0|  8.0| 25.9|  6.0|  0.0| 31.0|  0.0|  0.0|  0.0|
      82662 1  12253|1|  | | | | | | | | | | | | | | | | | | | | | | | | | 27| 69.2| 20.0|  8.3|  7.0|  0.0| 20.5|  0.0|  0.0|  0.0|
      82662 1  12272|1|  | | | | | | | | | | | | | | | | | | | | | | | | | 20| 83.2| 15.0|  8.3|  5.0|  0.0| -1.2|  0.0|  0.0|  0.0|
      82662 1  12276|1|  | | | | | | | | | | | | | | | | | | | | | | | | |  2| 90.1|  2.0|  0.4|  0.0|  0.0|  1.2|  0.0|  0.0|  0.0|
      82662 1  12279|1|  | | | | | | | | | | | | | | | | | | | | | | | | | 20| 60.1| 19.0| 14.7|  1.0|  0.0| 27.6|  0.0|  0.0|  0.0|
      82662 1  12287|1|  | | | | | | | | | | | | | | | | | | | | | | | | | 19|102.2| 14.0| 54.3|  5.0|  0.0|-53.2|  0.0|  0.0|  0.0|
      82662 1  12317|1|  | | | | | | | | | | | | | | | | | | | | | | | | | 20| 61.6| 13.0| 14.7|  7.0|  0.0| 25.9|  0.0|  0.0|  0.0|
      82662 1  12321|1|  | | | | | | | | | | | | | | | | | | | | | | | | | 20| 56.8| 18.0| 27.7|  2.0|  0.0| 20.7|  0.0|  0.0|  0.0|
      82662 1  12324|1|  | | | | | | | | | | | | | | | | | | | | | | | | | 20|101.1| 12.0| 10.0|  8.0|  0.0| -2.0|  0.0|  0.0|  0.0|
      82662 1  12347|1|  | | | | | | | | | | | | | | | | | | | | | | | | | 25| 56.7| 20.0|  6.5|  5.0|  0.0| 34.1|  0.0|  0.0|  0.0|
      82662 1  12374|1|  | | | | | | | | | | | | | | | | | | | | | | | | |  4|110.8|  2.0| 10.3|  2.0|  0.0| 16.4|  0.0|  0.0|  0.0|
      82662 1  12413|1|  | | | | | | | | | | | | | | | | | | | | | | | | |  2| 97.1|  2.0|  4.3|  0.0|  0.0|  3.8|  0.0|  0.0|  0.0|
      82662 1  12433|1|  | | | | | | | | | | | | | | | | | | | | | | | | | 22| 64.2| 20.0|  3.4|  2.0|  0.0| 27.0|  0.0|  0.0|  0.0|
      82662 1  12476|1|  | | | | | | | | | | | | | | | | | | | | | | | | | 15| 60.4| 12.0| 17.6|  3.0|  0.0| 25.5|  0.0|  0.0|  0.0|
      82662 1  12484|1|  | | | | | | | | | | | | | | | | | | | | | | | | | 24| 72.2| 16.0|  6.3|  8.0|  0.0| 18.0|  0.0|  0.0|  0.0|
      82662 1  12527|1|  | | | | | | | | | | | | | | | | | | | | | | | | | 18| 64.3| 13.0|  7.9|  5.0|  0.0| 25.8|  0.0|  0.0|  0.0|
      82662 1  12532|1|  | | | | | | | | | | | | | | | | | | | | | | | | |  2|  7.6|  2.0|  7.3|  0.0|  0.0| 83.5|  0.0|  0.0|  0.0|
      82662 1  12537|1|  | | | | | | | | | | | | | | | | | | | | | | | | | 24| 61.3| 18.0|  5.9|  6.0|  0.0| 29.5|  0.0|  0.0|  0.0|
      82662 1  12556|1|  | | | | | | | | | | | | | | | | | | | | | | | | | 17| 67.3| 15.0| 16.0|  2.0|  0.0| 17.9|  0.0|  0.0|  0.0|
      82662 1  12598|1|  | | | | | | | | | | | | | | | | | | | | | | | | |  2| 95.1|  2.0|  1.0|  0.0|  0.0|  3.6|  0.0|  0.0|  0.0|
      82662 1  12613|1|  | | | | | | | | | | | | | | | | | | | | | | | | | 17| 73.5| 15.0|  8.2|  2.0|  0.0| 15.9|  0.0|  0.0|  0.0|
      82662 1  12616|1|  | | | | | | | | | | | | | | | | | | | | | | | | | 16| 74.1| 11.0|  4.8|  5.0|  0.0| 16.5|  0.0|  0.0|  0.0|
      82662 1  12649|1|  | | | | | | | | | | | | | | | | | | | | | | | | | 18| 77.5| 13.0| 11.6|  5.0|  0.0|  7.5|  0.0|  0.0|  0.0|
      82662 1  12657|1|  | | | | | | | | | | | | | | | | | | | | | | | | |  3| 78.5|  1.0| 72.9|  2.0|  0.0|-71.8|  0.0|  0.0|  0.0|
      82662 1  12659|1|  | | | | | | | | | | | | | | | | | | | | | | | | | 16| 71.5| 11.0| 13.2|  5.0|  0.0| 14.8|  0.0|  0.0|  0.0|
      82662 1  12664|1|  | | | | | | | | | | | | | | | | | | | | | | | | | 11| 33.4|  8.0| 17.6|  3.0|  0.0| 55.2|  0.0|  0.0|  0.0|
      82662 1  12686|1|  | | | | | | | | | | | | | | | | | | | | | | | | |  3|  7.3|  3.0|  3.7|  0.0|  0.0| 84.0|  0.0|  0.0|  0.0|
      82662 1  12690|1|  | | | | | | | | | | | | | | | | | | | | | | | | | 16| 41.9| 11.0|  7.6|  5.0|  0.0| 48.8|  0.0|  0.0|  0.0|
      82662 1  12705|1|  | | | | | | | | | | | | | | | | | | | | | | | | |  2| 92.3|  2.0|  2.0|  0.0|  0.0| -1.8|  0.0|  0.0|  0.0|
      82662 1  12715|1|  | | | | | | | | | | | | | | | | | | | | | | | | | 17| 74.6| 14.0|  2.9|  3.0|  0.0| 16.5|  0.0|  0.0|  0.0|
      82662 1  12727|1|  | | | | | | | | | | | | | | | | | | | | | | | | | 18| 58.0| 12.0| 12.6|  6.0|  0.0| 30.9|  0.0|  0.0|  0.0|
      82662 1  12734|1|  | | | | | | | | | | | | | | | | | | | | | | | | | 13| 85.8| 11.0| 19.1|  2.0|  0.0|-18.3|  0.0|  0.0|  0.0|
      82662 1  12754|1|  | | | | | | | | | | | | | | | | | | | | | | | | | 13| 80.8|  7.0|  0.9|  6.0|  0.0| 10.5|  0.0|  0.0|  0.0|
      82662 1  12757|1|  | | | | | | | | | | | | | | | | | | | | | | | | | 17| 60.1| 11.0| 10.5|  6.0|  0.0| 29.4|  0.0|  0.0|  0.0|
      82662 1  12782|1|  | | | | | | | | | | | | | | | | | | | | | | | | | 15| 63.0| 11.0| 17.4|  4.0|  0.0| 22.3|  0.0|  0.0|  0.0|
      82662 1  12813|1|  | | | | | | | | | | | | | | | | | | | | | | | | | 18| 55.9| 16.0| 10.8|  2.0|  0.0| 33.8|  0.0|  0.0|  0.0|
      82662 1  12825|1|  | | | | | | | | | | | | | | | | | | | | | | | | | 19| 69.6| 17.0|  4.4|  2.0|  0.0| 21.3|  0.0|  0.0|  0.0|
      82662 1  12862|1|  | | | | | | | | | | | | | | | | | | | | | | | | | 13| 40.2| 11.0| 25.7|  2.0|  0.0| 44.2|  0.0|  0.0|  0.0|
      82662 1  12888|1|  | | | | | | | | | | | | | | | | | | | | | | | | | 19| 45.5| 17.0|  2.5|  2.0|  0.0| 45.8|  0.0|  0.0|  0.0|
