      33122 1    464|1|  | | | | | | | | | | | | | | | | | | | | | | | | | 23| 60.1|  0.0|  7.4|  0.0|  0.0| 30.3|  0.0|  0.0|  0.0|
      33962 1   2648|1|  | | | | | | | | | | | | | | | | | | | | | | | | |  4| 91.4|  0.0|  1.0|  0.0|  0.0| -1.0|  0.0|  0.0|  0.0|
      33967 1   1337|1|  | | | | | | | | | | | | | | | | | | | | | | | | |  3| 28.9|  0.0|  0.6|  0.0|  0.0| 62.4|  0.0|  0.0|  0.0|
      35606 1   3559|1|  | | | | | | | | | | | | | | | | | | | | | | | | |  7| 53.7|  0.0| 24.9|  0.0|  0.0| 28.2|  0.0|  0.0|  0.0|
      39265 1   4287|1|  | | | | | | | | | | | | | | | | | | | | | | | | |  4| 36.4|  0.0|  9.9|  0.0|  0.0| 53.9|  0.0|  0.0|  0.0|
      39265 1   4451|1|  | | | | | | | | | | | | | | | | | | | | | | | | |  7| 62.1|  0.0| 20.2|  0.0|  0.0| 21.1|  0.0|  0.0|  0.0|
      39265 1   4733|1|  | | | | | | | | | | | | | | | | | | | | | | | | | 20| 88.4|  0.0|  6.5|  0.0|  0.0| -5.9|  0.0|  0.0|  0.0|
      39265 1   4754|1|  | | | | | | | | | | | | | | | | | | | | | | | | |  2| 80.3|  0.0|  8.8|  0.0|  0.0|  6.5|  0.0|  0.0|  0.0|
      46448 1    596|1|  | | | | | | | | | | | | | | | | | | | | | | | | |  2| 67.7|  0.0| 12.3|  0.0|  0.0| 20.1|  0.0|  0.0|  0.0|
      47011 1  14504|1|  | | | | | | | | | | | | | | | | | | | | | | | | | 31| 73.6|  0.0| 15.2|  0.0|  0.0|  9.2|  0.0|  0.0|  0.0|
      67777 1  16923|1|  | | | | | | | | | | | | | | | | | | | | | | | | | 34|117.7|  0.0| 11.6|  0.0|  0.0| 42.1|  0.0|  0.0|  0.0|
      70910 1   6261|1|  | | | | | | | | | | | | | | | | | | | | | | | | | 62|151.3|  0.0| 10.9|  0.0|  0.0| 18.5|  0.0|  0.0|  0.0|
