      83231 1    742|1|  | | | | | | | | | | | | | | | | | | | | | | | | | 36|183.9| 18.0| 10.7| 18.0|  0.0| -9.2|  0.0|  0.0|  0.0|
      83235 1    193|1|  | | | | | | | | | | | | | | | | | | | | | | | | | 57|167.6| 26.0|  7.7| 31.0|  0.0| 20.5|  0.0|  0.0|  0.0|
      83243 1   9596|1|  | | | | | | | | | | | | | | | | | | | | | | | | | 29| 65.8| 19.0| 38.0| 10.0|  0.0|117.7|  0.0|  0.0|  0.0|
      83243 1  11815|1|  | | | | | | | | | | | | | | | | | | | | | | | | | 57|152.5| 28.0| 22.7| 29.0|  0.0| 29.2|  0.0|  0.0|  0.0|
      83243 1  13396|1|  | | | | | | | | | | | | | | | | | | | | | | | | | 48|129.9| 20.0| 37.1| 28.0|  0.0| 46.6|  0.0|  0.0|  0.0|
      83245 1    318|1|  | | | | | | | | | | | | | | | | | | | | | | | | | 44| 77.8| 23.0| 32.4| 21.0|  0.0|106.9|  0.0|  0.0|  0.0|
      83267 1   7175|1|  | | | | | | | | | | | | | | | | | | | | | | | | | 38|103.5| 18.0| 23.1| 20.0|  0.0| 82.8|  0.0|  0.0|  0.0|
      83267 1  10149|1|  | | | | | | | | | | | | | | | | | | | | | | | | | 39| 96.3| 23.0| 38.3| 16.0|  0.0| 85.0|  0.0|  0.0|  0.0|
      83267 1  13171|1|  | | | | | | | | | | | | | | | | | | | | | | | | | 62|139.8| 35.0| 13.9| 27.0|  0.0| 47.7|  0.0|  0.0|  0.0|
      83267 1  28340|1|  | | | | | | | | | | | | | | | | | | | | | | | | | 21|132.1|  8.0| 41.3| 13.0|  0.0| 39.9|  0.0|  0.0|  0.0|
      83267 1  33483|1|  | | | | | | | | | | | | | | | | | | | | | | | | |  2|115.2|  2.0| 64.9|  0.0|  0.0| 36.2|  0.0|  0.0|  0.0|
      83277 1    799|1|  | | | | | | | | | | | | | | | | | | | | | | | | | 68|196.3| 35.0| 42.9| 33.0|  0.0|-42.4|  0.0|  0.0|  0.0|
      83282 1  12096|1|  | | | | | | | | | | | | | | | | | | | | | | | | |  7| 59.2|  2.0| 43.4|  5.0|  0.0|122.9|  0.0|  0.0|  0.0|
      83282 1  20768|1|  | | | | | | | | | | | | | | | | | | | | | | | | | 62|185.7| 41.0|  9.9| 21.0|  0.0| -9.1|  0.0|  0.0|  0.0|
      83282 1  25048|1|  | | | | | | | | | | | | | | | | | | | | | | | | | 43|130.1| 23.0|  5.3| 20.0|  0.0| 59.1|  0.0|  0.0|  0.0|
      83314 1   2292|1|  | | | | | | | | | | | | | | | | | | | | | | | | | 46|171.9| 15.0| 13.6| 31.0|  0.0| 11.1|  0.0|  0.0|  0.0|
      83314 1   4043|1|  | | | | | | | | | | | | | | | | | | | | | | | | | 56|129.1| 24.0|  8.1| 32.0|  0.0| 59.9|  0.0|  0.0|  0.0|
      83318 1    487|1|  | | | | | | | | | | | | | | | | | | | | | | | | | 56|138.5| 38.0| 37.1| 18.0|  0.0| 34.9|  0.0|  0.0|  0.0|
      83321 1    235|1|  | | | | | | | | | | | | | | | | | | | | | | | | | 39|153.4| 22.0| 12.4| 17.0|  0.0| 33.9|  0.0|  0.0|  0.0|
      83358 1   9040|1|  | | | | | | | | | | | | | | | | | | | | | | | | |  5| 17.0|  4.0| 13.9|  1.0|  0.0|171.7|  0.0|  0.0|  0.0|
      83359 1  14813|1|  | | | | | | | | | | | | | | | | | | | | | | | | | 46|103.7| 22.0| 24.8| 24.0|  0.0| 81.8|  0.0|  0.0|  0.0|
      83359 1  31209|1|  | | | | | | | | | | | | | | | | | | | | | | | | | 30|148.2| 18.0| 29.9| 12.0|  0.0| 28.1|  0.0|  0.0|  0.0|
      83368 1   6691|1|  | | | | | | | | | | | | | | | | | | | | | | | | | 36| 95.1| 18.0| 54.9| 18.0|  0.0| 76.4|  0.0|  0.0|  0.0|
      83282 1  15993|1|  | | | | | | | | | | | | | | | | | | | | | | | | | 48|168.6| 19.0| 14.5| 29.0|  0.0| 15.1|  0.0|  0.0|  0.0|
      83282 1  17460|1|  | | | | | | | | | | | | | | | | | | | | | | | | | 28| 92.6| 16.0| 56.2| 12.0|  0.0| 78.9|  0.0|  0.0|  0.0|
      83359 1    291|1|  | | | | | | | | | | | | | | | | | | | | | | | | | 61|152.9| 21.0| 19.0| 40.0|  0.0| 30.9|  0.0|  0.0|  0.0|
      83359 1  27335|1|  | | | | | | | | | | | | | | | | | | | | | | | | | 47|158.1| 30.0| 11.4| 17.0|  0.0| 28.9|  0.0|  0.0|  0.0|
      83360 1   6872|1|  | | | | | | | | | | | | | | | | | | | | | | | | | 25| 72.6| 12.0| 43.1| 13.0|  0.0|108.4|  0.0|  0.0|  0.0|
      83361 1   4898|1|  | | | | | | | | | | | | | | | | | | | | | | | | | 41| 63.7| 18.0| 10.7| 23.0|  0.0|125.0|  0.0|  0.0|  0.0|
      83361 1   6663|1|  | | | | | | | | | | | | | | | | | | | | | | | | | 61|161.9| 33.0| 17.0| 28.0|  0.0| 21.4|  0.0|  0.0|  0.0|
      83367 1   2568|1|  | | | | | | | | | | | | | | | | | | | | | | | | | 68|141.9| 28.0| 34.1| 40.0|  0.0| 32.8|  0.0|  0.0|  0.0|
      83368 1  10104|1|  | | | | | | | | | | | | | | | | | | | | | | | | | 49| 99.3| 27.0| 54.3| 22.0|  0.0| 71.7|  0.0|  0.0|  0.0|
      83368 1  10476|1|  | | | | | | | | | | | | | | | | | | | | | | | | | 35|100.4| 14.0| 36.5| 21.0|  0.0| 81.0|  0.0|  0.0|  0.0|
      83368 1  11851|1|  | | | | | | | | | | | | | | | | | | | | | | | | | 76|163.6| 40.0|  6.7| 36.0|  0.0| 24.7|  0.0|  0.0|  0.0|
      83368 1  15546|1|  | | | | | | | | | | | | | | | | | | | | | | | | | 39|145.0| 21.0| 20.0| 18.0|  0.0| 39.4|  0.0|  0.0|  0.0|
      83369 1   1957|1|  | | | | | | | | | | | | | | | | | | | | | | | | | 40|105.3| 22.0| 59.8| 18.0|  0.0| 58.8|  0.0|  0.0|  0.0|
      83369 1   2280|1|  | | | | | | | | | | | | | | | | | | | | | | | | | 26|177.1| 13.0| 42.0| 13.0|  0.0|-40.3|  0.0|  0.0|  0.0|
      83369 1   4979|1|  | | | | | | | | | | | | | | | | | | | | | | | | | 36|142.8| 19.0| 37.4| 17.0|  0.0| 27.5|  0.0|  0.0|  0.0|
      83369 1   5655|1|  | | | | | | | | | | | | | | | | | | | | | | | | | 63|107.7| 31.0| 33.2| 32.0|  0.0| 74.5|  0.0|  0.0|  0.0|
      83369 1  10451|1|  | | | | | | | | | | | | | | | | | | | | | | | | | 18| 55.1|  9.0| 38.7|  9.0|  0.0|128.4|  0.0|  0.0|  0.0|
      83369 1  10841|1|  | | | | | | | | | | | | | | | | | | | | | | | | | 51|163.0| 33.0| 20.1| 18.0|  0.0| 16.7|  0.0|  0.0|  0.0|
      83369 1  17191|1|  | | | | | | | | | | | | | | | | | | | | | | | | | 26| 89.4|  9.0| 24.4| 17.0|  0.0| 96.8|  0.0|  0.0|  0.0|
      83382 1   4240|1|  | | | | | | | | | | | | | | | | | | | | | | | | | 60|172.3| 29.0| 13.0| 31.0|  0.0| 10.8|  0.0|  0.0|  0.0|
      83382 1   4282|1|  | | | | | | | | | | | | | | | | | | | | | | | | | 38|106.6| 16.0|  9.1| 22.0|  0.0| 82.1|  0.0|  0.0|  0.0|
      83383 1   3220|1|  | | | | | | | | | | | | | | | | | | | | | | | | | 38| 82.4| 23.0| 42.2| 15.0|  0.0| 98.1|  0.0|  0.0|  0.0|
      83384 1    853|1|  | | | | | | | | | | | | | | | | | | | | | | | | | 58| 93.4| 30.0| 31.8| 28.0|  0.0| 90.3|  0.0|  0.0|  0.0|
      83384 1   3143|1|  | | | | | | | | | | | | | | | | | | | | | | | | | 28|109.5| 18.0| 25.2| 10.0|  0.0| 75.7|  0.0|  0.0|  0.0|
      83385 1   1030|1|  | | | | | | | | | | | | | | | | | | | | | | | | | 62|142.4| 28.0| 29.0| 34.0|  0.0| 36.7|  0.0|  0.0|  0.0|
      83385 1   9941|1|  | | | | | | | | | | | | | | | | | | | | | | | | | 51|133.8| 26.0| 11.3| 25.0|  0.0| 54.2|  0.0|  0.0|  0.0|
      83385 1  14043|1|  | | | | | | | | | | | | | | | | | | | | | | | | |  4| 33.0|  2.0|  6.8|  2.0|  0.0|156.1|  0.0|  0.0|  0.0|
      83385 1  16079|1|  | | | | | | | | | | | | | | | | | | | | | | | | | 54|109.2| 23.0| 35.6| 31.0|  0.0| 71.6|  0.0|  0.0|  0.0|
      83385 1  29290|1|  | | | | | | | | | | | | | | | | | | | | | | | | | 28|103.2| 14.0| 35.2| 14.0|  0.0| 78.4|  0.0|  0.0|  0.0|
      83389 1    446|1|  | | | | | | | | | | | | | | | | | | | | | | | | | 20| 61.0| 11.0| 14.1|  9.0|  0.0|127.4|  0.0|  0.0|  0.0|
      83389 1   1188|1|  | | | | | | | | | | | | | | | | | | | | | | | | |  5| 50.2|  2.0| 45.7|  3.0|  0.0|131.3|  0.0|  0.0|  0.0|
      83391 1   3439|1|  | | | | | | | | | | | | | | | | | | | | | | | | | 45|194.5| 24.0| 49.8| 21.0|  0.0|-49.6|  0.0|  0.0|  0.0|
      83392 1    167|1|  | | | | | | | | | | | | | | | | | | | | | | | | | 25| 94.4| 16.0| 48.7|  9.0|  0.0| 81.3|  0.0|  0.0|  0.0|
      83392 1   2465|1|  | | | | | | | | | | | | | | | | | | | | | | | | | 56|165.6| 31.0|  7.9| 25.0|  0.0| 22.3|  0.0|  0.0|  0.0|
      83392 1   5250|1|  | | | | | | | | | | | | | | | | | | | | | | | | | 21| 71.9|  9.0| 35.1| 12.0|  0.0|111.9|  0.0|  0.0|  0.0|
      83392 1   7234|1|  | | | | | | | | | | | | | | | | | | | | | | | | | 55|112.0| 25.0| 35.9| 30.0|  0.0| 68.3|  0.0|  0.0|  0.0|
      83392 1  11030|1|  | | | | | | | | | | | | | | | | | | | | | | | | | 38|160.5| 20.0| 81.2| 18.0|  0.0|-75.9|  0.0|  0.0|  0.0|
      83392 1  11700|1|  | | | | | | | | | | | | | | | | | | | | | | | | | 55|144.1| 34.0| 41.4| 21.0|  0.0| 17.9|  0.0|  0.0|  0.0|
      83393 1   2266|1|  | | | | | | | | | | | | | | | | | | | | | | | | | 45|170.8| 26.0| 16.5| 19.0|  0.0|  8.1|  0.0|  0.0|  0.0|
      83393 1   2355|1|  | | | | | | | | | | | | | | | | | | | | | | | | | 38|146.5| 23.0|  6.8| 15.0|  0.0| 42.2|  0.0|  0.0|  0.0|
      83397 1    898|1|  | | | | | | | | | | | | | | | | | | | | | | | | | 59|145.2| 24.0| 33.1| 35.0|  0.0| 29.0|  0.0|  0.0|  0.0|
      83397 1   1278|1|  | | | | | | | | | | | | | | | | | | | | | | | | | 35| 97.3| 21.0| 63.0| 14.0|  0.0| 66.8|  0.0|  0.0|  0.0|
      83397 1   3517|1|  | | | | | | | | | | | | | | | | | | | | | | | | | 54|141.2| 27.0| 26.9| 27.0|  0.0| 39.8|  0.0|  0.0|  0.0|
      83397 1   5460|1|  | | | | | | | | | | | | | | | | | | | | | | | | | 35|108.1|  7.0| 25.4| 28.0|  0.0| 77.0|  0.0|  0.0|  0.0|
      83397 1   5814|1|  | | | | | | | | | | | | | | | | | | | | | | | | | 23|101.1| 10.0| 20.6| 13.0|  0.0| 85.7|  0.0|  0.0|  0.0|
      83397 1   6882|1|  | | | | | | | | | | | | | | | | | | | | | | | | | 45| 75.1| 21.0| 41.1| 24.0|  0.0|106.4|  0.0|  0.0|  0.0|
      83397 1   7985|1|  | | | | | | | | | | | | | | | | | | | | | | | | | 30|131.8| 17.0| 38.9| 13.0|  0.0| 42.3|  0.0|  0.0|  0.0|
      83397 1  12903|1|  | | | | | | | | | | | | | | | | | | | | | | | | | 35| 90.3| 18.0| 53.7| 17.0|  0.0| 83.1|  0.0|  0.0|  0.0|
      83449 1   1494|1|  | | | | | | | | | | | | | | | | | | | | | | | | | 58|101.0| 29.0|  4.4| 29.0|  0.0| 88.2|  0.0|  0.0|  0.0|
      83476 1   2858|1|  | | | | | | | | | | | | | | | | | | | | | | | | |  4| 55.7|  2.0| 52.6|  2.0|  0.0|122.7|  0.0|  0.0|  0.0|
      83483 1    266|1|  | | | | | | | | | | | | | | | | | | | | | | | | | 46|168.0| 19.0| 26.0| 27.0|  0.0|-15.1|  0.0|  0.0|  0.0|
      83487 1   2550|1|  | | | | | | | | | | | | | | | | | | | | | | | | | 51|167.8| 27.0|107.0| 24.0|  0.0|*****|  0.0|  0.0|  0.0|
      83487 1   7734|1|  | | | | | | | | | | | | | | | | | | | | | | | | | 43| 82.5| 22.0| 13.3| 21.0|  0.0|105.9|  0.0|  0.0|  0.0|
      83487 1  15976|1|  | | | | | | | | | | | | | | | | | | | | | | | | | 47| 81.6| 26.0| 17.9| 21.0|  0.0|106.2|  0.0|  0.0|  0.0|
      83487 1  18539|1|  | | | | | | | | | | | | | | | | | | | | | | | | | 29|101.6| 20.0| 61.1|  9.0|  0.0| 62.8|  0.0|  0.0|  0.0|
      83487 1  25334|1|  | | | | | | | | | | | | | | | | | | | | | | | | | 79|159.0| 40.0| 30.6| 39.0|  0.0| -5.0|  0.0|  0.0|  0.0|
      83497 1    384|1|  | | | | | | | | | | | | | | | | | | | | | | | | | 55|151.5| 25.0| 25.8| 30.0|  0.0| 27.5|  0.0|  0.0|  0.0|
      83497 1   1845|1|  | | | | | | | | | | | | | | | | | | | | | | | | | 21|147.4| 13.0| 48.7|  8.0|  0.0|-24.8|  0.0|  0.0|  0.0|
      83498 1  14296|1|  | | | | | | | | | | | | | | | | | | | | | | | | | 45|159.8| 26.0| 20.5| 19.0|  0.0| 21.0|  0.0|  0.0|  0.0|
      83498 1  16136|1|  | | | | | | | | | | | | | | | | | | | | | | | | | 33|134.4| 20.0| 31.9| 13.0|  0.0| 44.7|  0.0|  0.0|  0.0|
      83498 1  25726|1|  | | | | | | | | | | | | | | | | | | | | | | | | | 16|103.3|  2.0| 54.2| 14.0|  0.0| 66.7|  0.0|  0.0|  0.0|
      83498 1  32300|1|  | | | | | | | | | | | | | | | | | | | | | | | | | 74|139.2| 39.0|  5.1| 35.0|  0.0| 49.7|  0.0|  0.0|  0.0|
      83512 1    178|1|  | | | | | | | | | | | | | | | | | | | | | | | | | 71|163.7| 28.0| 20.7| 43.0|  0.0| 14.9|  0.0|  0.0|  0.0|
      83513 1  10134|1|  | | | | | | | | | | | | | | | | | | | | | | | | | 32|170.6| 19.0| 27.8| 13.0|  0.0|-20.6|  0.0|  0.0|  0.0|
      83513 1  10571|1|  | | | | | | | | | | | | | | | | | | | | | | | | | 47|101.6| 19.0| 40.3| 28.0|  0.0| 77.8|  0.0|  0.0|  0.0|
      83513 1  11825|1|  | | | | | | | | | | | | | | | | | | | | | | | | | 48|178.6| 30.0| 12.0| 18.0|  0.0| -5.5|  0.0|  0.0|  0.0|
      83513 1  11978|1|  | | | | | | | | | | | | | | | | | | | | | | | | | 56|195.8| 26.0| 30.6| 30.0|  0.0|-29.9|  0.0|  0.0|  0.0|
      83513 1  12352|1|  | | | | | | | | | | | | | | | | | | | | | | | | |  9| 59.3|  2.0| 11.8|  7.0|  0.0|129.3|  0.0|  0.0|  0.0|
      83513 1  15874|1|  | | | | | | | | | | | | | | | | | | | | | | | | | 40|181.9| 22.0| 12.9| 18.0|  0.0|-10.7|  0.0|  0.0|  0.0|
      83514 1   6031|1|  | | | | | | | | | | | | | | | | | | | | | | | | | 61|167.3| 30.0| 20.3| 31.0|  0.0|  8.2|  0.0|  0.0|  0.0|
      83515 1   2271|1|  | | | | | | | | | | | | | | | | | | | | | | | | | 28| 72.1| 13.0| 29.6| 15.0|  0.0|113.3|  0.0|  0.0|  0.0|
      83529 1   1189|1|  | | | | | | | | | | | | | | | | | | | | | | | | | 39|164.8| 14.0| 21.0| 25.0|  0.0| 12.6|  0.0|  0.0|  0.0|
      83530 1    162|1|  | | | | | | | | | | | | | | | | | | | | | | | | | 25|105.7| 13.0| 21.8| 12.0|  0.0| 80.6|  0.0|  0.0|  0.0|
      83532 1   5401|1|  | | | | | | | | | | | | | | | | | | | | | | | | | 40|129.7| 18.0| 21.2| 22.0|  0.0| 55.7|  0.0|  0.0|  0.0|
      83534 1   3191|1|  | | | | | | | | | | | | | | | | | | | | | | | | | 48|161.2| 30.0|  2.4| 18.0|  0.0| 28.0|  0.0|  0.0|  0.0|
      83545 1   1643|1|  | | | | | | | | | | | | | | | | | | | | | | | | | 24|149.2| 15.0| 16.6|  9.0|  0.0| 36.5|  0.0|  0.0|  0.0|
      83545 1   6112|1|  | | | | | | | | | | | | | | | | | | | | | | | | | 49|123.4| 33.0| 16.5| 16.0|  0.0| 63.7|  0.0|  0.0|  0.0|
      83545 1  12989|1|  | | | | | | | | | | | | | | | | | | | | | | | | | 44|107.9| 23.0| 16.9| 21.0|  0.0| 79.5|  0.0|  0.0|  0.0|
      83545 1  13016|1|  | | | | | | | | | | | | | | | | | | | | | | | | | 18| 68.6|  9.0| 53.3|  9.0|  0.0|108.3|  0.0|  0.0|  0.0|
      83546 1    256|1|  | | | | | | | | | | | | | | | | | | | | | | | | | 52|147.2| 28.0|  4.7| 24.0|  0.0| 41.7|  0.0|  0.0|  0.0|
      83547 1    386|1|  | | | | | | | | | | | | | | | | | | | | | | | | | 29| 80.6| 20.0| 46.9|  9.0|  0.0| 98.0|  0.0|  0.0|  0.0|
      83547 1   5320|1|  | | | | | | | | | | | | | | | | | | | | | | | | | 33|152.7| 16.0| 38.3| 17.0|  0.0|-11.3|  0.0|  0.0|  0.0|
      83545 1  10666|1|  | | | | | | | | | | | | | | | | | | | | | | | | | 39|129.7| 21.0| 18.8| 18.0|  0.0| 56.5|  0.0|  0.0|  0.0|
      83367 1   6912|1|  | | | | | | | | | | | | | | | | | | | | | | | | |  2|104.4|  2.0| 21.6|  0.0|  0.0| 82.0|  0.0|  0.0|  0.0|
      83367 1   8036|1|  | | | | | | | | | | | | | | | | | | | | | | | | | 37|131.9| 17.0| 34.2| 20.0|  0.0| 46.0|  0.0|  0.0|  0.0|
      83368 1   2643|1|  | | | | | | | | | | | | | | | | | | | | | | | | | 25|118.1| 17.0| 75.5|  8.0|  0.0|-25.2|  0.0|  0.0|  0.0|
