      82760 1   5377|1|  | | | | | | | | | | | | | | | | | | | | | | | | |  9| 44.5|  2.0|  6.9|  7.0|  0.0| 46.4|  0.0|  0.0|  0.0|
      82760 1   5447|1|  | | | | | | | | | | | | | | | | | | | | | | | | | 17| 57.7| 13.0|  9.9|  4.0|  0.0| 32.2|  0.0|  0.0|  0.0|
      82760 1   5469|1|  | | | | | | | | | | | | | | | | | | | | | | | | | 16| 45.4| 15.0| 12.2|  1.0|  0.0| 44.3|  0.0|  0.0|  0.0|
      82760 1   5507|1|  | | | | | | | | | | | | | | | | | | | | | | | | | 13| 74.6|  8.0| 10.0|  5.0|  0.0| 13.5|  0.0|  0.0|  0.0|
      82760 1   5526|1|  | | | | | | | | | | | | | | | | | | | | | | | | | 19| 57.6| 13.0|  6.3|  6.0|  0.0| 33.2|  0.0|  0.0|  0.0|
      82760 1   5539|1|  | | | | | | | | | | | | | | | | | | | | | | | | | 16| 64.8| 10.0|  2.2|  6.0|  0.0| 26.5|  0.0|  0.0|  0.0|
      82760 1   5566|1|  | | | | | | | | | | | | | | | | | | | | | | | | | 19| 53.1| 14.0| 31.9|  5.0|  0.0| 21.1|  0.0|  0.0|  0.0|
      82760 1   5574|1|  | | | | | | | | | | | | | | | | | | | | | | | | | 17| 61.0| 11.0| 15.3|  6.0|  0.0| 26.2|  0.0|  0.0|  0.0|
      82760 1   5579|1|  | | | | | | | | | | | | | | | | | | | | | | | | | 22| 75.5| 16.0|  9.3|  6.0|  0.0| 12.8|  0.0|  0.0|  0.0|
      82760 1   5584|1|  | | | | | | | | | | | | | | | | | | | | | | | | | 21| 82.7| 11.0| 14.6| 10.0|  0.0|-11.8|  0.0|  0.0|  0.0|
      82760 1   5588|1|  | | | | | | | | | | | | | | | | | | | | | | | | |  2| 86.9|  2.0|  0.9|  0.0|  0.0|  4.4|  0.0|  0.0|  0.0|
      82760 1   5598|1|  | | | | | | | | | | | | | | | | | | | | | | | | | 22| 48.4| 20.0|  4.5|  2.0|  0.0| 42.7|  0.0|  0.0|  0.0|
      82760 1   5613|1|  | | | | | | | | | | | | | | | | | | | | | | | | | 15| 73.7| 13.0|  6.4|  2.0|  0.0| 16.5|  0.0|  0.0|  0.0|
      82760 1   5650|1|  | | | | | | | | | | | | | | | | | | | | | | | | | 16| 79.9| 10.0|  5.4|  6.0|  0.0| 10.2|  0.0|  0.0|  0.0|
      82760 1   5683|1|  | | | | | | | | | | | | | | | | | | | | | | | | | 18| 72.7| 11.0|  2.9|  7.0|  0.0| 18.5|  0.0|  0.0|  0.0|
      82760 1   5686|1|  | | | | | | | | | | | | | | | | | | | | | | | | | 20| 65.4| 13.0| 10.1|  7.0|  0.0| 23.9|  0.0|  0.0|  0.0|
      82760 1   5687|1|  | | | | | | | | | | | | | | | | | | | | | | | | | 17|105.3| 10.0| 42.3|  7.0|  0.0|-39.9|  0.0|  0.0|  0.0|
      82760 1   5698|1|  | | | | | | | | | | | | | | | | | | | | | | | | |  2| 52.0|  2.0|  1.4|  0.0|  0.0| 39.4|  0.0|  0.0|  0.0|
      82760 1   5721|1|  | | | | | | | | | | | | | | | | | | | | | | | | | 14| 86.3| 11.0| 16.4|  3.0|  0.0|-15.6|  0.0|  0.0|  0.0|
      82760 1   5730|1|  | | | | | | | | | | | | | | | | | | | | | | | | | 13| 42.6|  8.0| 19.1|  5.0|  0.0| 44.9|  0.0|  0.0|  0.0|
      82760 1   5733|1|  | | | | | | | | | | | | | | | | | | | | | | | | | 23| 94.4| 15.0|  1.9|  8.0|  0.0|  2.3|  0.0|  0.0|  0.0|
      82760 1   5738|1|  | | | | | | | | | | | | | | | | | | | | | | | | |  6| 22.0|  4.0|  3.0|  2.0|  0.0| 69.3|  0.0|  0.0|  0.0|
      82760 1   5763|1|  | | | | | | | | | | | | | | | | | | | | | | | | | 19| 75.5| 16.0|  6.7|  3.0|  0.0| 14.3|  0.0|  0.0|  0.0|
      82760 1   5764|1|  | | | | | | | | | | | | | | | | | | | | | | | | | 18| 53.9| 15.0|  6.6|  3.0|  0.0| 36.8|  0.0|  0.0|  0.0|
      82760 1   5772|1|  | | | | | | | | | | | | | | | | | | | | | | | | |  9| 31.7|  5.0|  9.2|  4.0|  0.0| 58.9|  0.0|  0.0|  0.0|
      82760 1   5798|1|  | | | | | | | | | | | | | | | | | | | | | | | | | 20| 90.3| 16.0| 21.9|  4.0|  0.0|-21.8|  0.0|  0.0|  0.0|
      82760 1   5799|1|  | | | | | | | | | | | | | | | | | | | | | | | | | 14| 55.1| 13.0|  9.6|  1.0|  0.0| 35.0|  0.0|  0.0|  0.0|
      82760 1   5836|1|  | | | | | | | | | | | | | | | | | | | | | | | | | 18| 74.7| 11.0| 24.3|  7.0|  0.0|-17.7|  0.0|  0.0|  0.0|
      82760 1   5844|1|  | | | | | | | | | | | | | | | | | | | | | | | | | 27| 65.8| 20.0|  7.2|  7.0|  0.0| 24.5|  0.0|  0.0|  0.0|
      82760 1   5852|1|  | | | | | | | | | | | | | | | | | | | | | | | | |  2| 82.7|  2.0| 15.3|  0.0|  0.0|-12.5|  0.0|  0.0|  0.0|
      82760 1   5870|1|  | | | | | | | | | | | | | | | | | | | | | | | | | 21| 75.9| 17.0| 19.6|  4.0|  0.0|-12.1|  0.0|  0.0|  0.0|
      82760 1   5871|1|  | | | | | | | | | | | | | | | | | | | | | | | | | 10| 40.2|  7.0|  4.8|  3.0|  0.0| 50.9|  0.0|  0.0|  0.0|
      82760 1   5873|1|  | | | | | | | | | | | | | | | | | | | | | | | | | 23| 71.2| 19.0|  3.4|  4.0|  0.0| 19.9|  0.0|  0.0|  0.0|
      82760 1   5903|1|  | | | | | | | | | | | | | | | | | | | | | | | | | 14| 61.6| 11.0|  9.0|  3.0|  0.0| 28.4|  0.0|  0.0|  0.0|
      82760 1   5911|1|  | | | | | | | | | | | | | | | | | | | | | | | | | 26| 52.5| 20.0|  9.3|  6.0|  0.0| 37.7|  0.0|  0.0|  0.0|
      82760 1   5918|1|  | | | | | | | | | | | | | | | | | | | | | | | | |  9|  6.9|  9.0|  1.6|  0.0|  0.0| 84.5|  0.0|  0.0|  0.0|
      82760 1   5925|1|  | | | | | | | | | | | | | | | | | | | | | | | | | 27| 48.1| 22.0| 11.5|  5.0|  0.0| 41.7|  0.0|  0.0|  0.0|
      82760 1   5936|1|  | | | | | | | | | | | | | | | | | | | | | | | | | 25| 66.9| 17.0|  7.2|  8.0|  0.0| 23.4|  0.0|  0.0|  0.0|
      82760 1   5969|1|  | | | | | | | | | | | | | | | | | | | | | | | | |  4| 64.3|  4.0|  5.3|  0.0|  0.0| 26.6|  0.0|  0.0|  0.0|
      82760 1   5978|1|  | | | | | | | | | | | | | | | | | | | | | | | | | 15| 64.0| 11.0|  5.7|  4.0|  0.0| 26.8|  0.0|  0.0|  0.0|
      82760 1   5990|1|  | | | | | | | | | | | | | | | | | | | | | | | | | 21| 75.2| 16.0|  3.2|  5.0|  0.0| 15.8|  0.0|  0.0|  0.0|
      82760 1   6014|1|  | | | | | | | | | | | | | | | | | | | | | | | | | 24| 48.7| 18.0| 14.8|  6.0|  0.0| 40.0|  0.0|  0.0|  0.0|
      82760 1   6066|1|  | | | | | | | | | | | | | | | | | | | | | | | | | 22| 51.1| 18.0|  2.5|  4.0|  0.0| 40.2|  0.0|  0.0|  0.0|
      82760 1   6095|1|  | | | | | | | | | | | | | | | | | | | | | | | | | 28| 76.2| 24.0|  7.9|  4.0|  0.0| 12.9|  0.0|  0.0|  0.0|
      82760 1   6097|1|  | | | | | | | | | | | | | | | | | | | | | | | | | 22| 63.8| 18.0| 21.4|  4.0|  0.0| 17.4|  0.0|  0.0|  0.0|
      82760 1   6108|1|  | | | | | | | | | | | | | | | | | | | | | | | | | 20| 56.4| 17.0| 13.3|  3.0|  0.0| 32.4|  0.0|  0.0|  0.0|
      82760 1   6114|1|  | | | | | | | | | | | | | | | | | | | | | | | | | 21| 62.3| 17.0|  4.9|  4.0|  0.0| 28.6|  0.0|  0.0|  0.0|
      82760 1   6123|1|  | | | | | | | | | | | | | | | | | | | | | | | | | 21| 64.7| 16.0|  3.6|  5.0|  0.0| 26.4|  0.0|  0.0|  0.0|
      82760 1   6125|1|  | | | | | | | | | | | | | | | | | | | | | | | | |  2| 89.5|  2.0|  2.2|  0.0|  0.0| -1.3|  0.0|  0.0|  0.0|
      82760 1   6150|1|  | | | | | | | | | | | | | | | | | | | | | | | | | 11| 36.8|  7.0| 10.9|  4.0|  0.0| 53.5|  0.0|  0.0|  0.0|
      82760 1   6151|1|  | | | | | | | | | | | | | | | | | | | | | | | | | 21| 88.7| 19.0|  2.9|  2.0|  0.0| -0.9|  0.0|  0.0|  0.0|
      82760 1   6177|1|  | | | | | | | | | | | | | | | | | | | | | | | | | 21| 76.4| 17.0| 12.1|  4.0|  0.0|  8.9|  0.0|  0.0|  0.0|
      82760 1   6181|1|  | | | | | | | | | | | | | | | | | | | | | | | | | 20| 58.6| 17.0|  5.6|  3.0|  0.0| 32.3|  0.0|  0.0|  0.0|
      82760 1   6192|1|  | | | | | | | | | | | | | | | | | | | | | | | | | 14| 45.9|  9.0|  8.0|  5.0|  0.0| 44.8|  0.0|  0.0|  0.0|
      82760 1   6226|1|  | | | | | | | | | | | | | | | | | | | | | | | | | 18| 72.4| 14.0|  8.3|  4.0|  0.0| 17.1|  0.0|  0.0|  0.0|
      82760 1   6228|1|  | | | | | | | | | | | | | | | | | | | | | | | | | 29| 78.8| 16.0| 14.3| 13.0|  0.0| -6.8|  0.0|  0.0|  0.0|
      82760 1   6232|1|  | | | | | | | | | | | | | | | | | | | | | | | | | 20| 63.7| 16.0|  1.5|  4.0|  0.0| 27.7|  0.0|  0.0|  0.0|
      82760 1   6235|1|  | | | | | | | | | | | | | | | | | | | | | | | | | 14| 64.2|  9.0|  4.7|  5.0|  0.0| 26.7|  0.0|  0.0|  0.0|
      82760 1   6237|1|  | | | | | | | | | | | | | | | | | | | | | | | | |  5| 51.3|  5.0| 50.3|  0.0|  0.0|-30.4|  0.0|  0.0|  0.0|
      82760 1   6239|1|  | | | | | | | | | | | | | | | | | | | | | | | | | 22| 70.4| 19.0| 11.4|  3.0|  0.0| 17.5|  0.0|  0.0|  0.0|
      82760 1   6243|1|  | | | | | | | | | | | | | | | | | | | | | | | | | 16| 55.0| 11.0| 20.8|  5.0|  0.0| 29.9|  0.0|  0.0|  0.0|
      82760 1   6255|1|  | | | | | | | | | | | | | | | | | | | | | | | | | 12| 78.0|  9.0| 22.3|  3.0|  0.0|-17.8|  0.0|  0.0|  0.0|
      82760 1   6268|1|  | | | | | | | | | | | | | | | | | | | | | | | | | 14| 99.7| 14.0| 38.9|  0.0|  0.0|-38.0|  0.0|  0.0|  0.0|
      82760 1   6273|1|  | | | | | | | | | | | | | | | | | | | | | | | | | 19| 90.8| 17.0| 19.3|  2.0|  0.0|-19.3|  0.0|  0.0|  0.0|
      82760 1   6281|1|  | | | | | | | | | | | | | | | | | | | | | | | | | 20| 62.8| 17.0| 14.1|  3.0|  0.0| 24.8|  0.0|  0.0|  0.0|
      82760 1   6294|1|  | | | | | | | | | | | | | | | | | | | | | | | | | 18| 77.7| 12.0|  3.5|  6.0|  0.0| 13.3|  0.0|  0.0|  0.0|
      82760 1   6306|1|  | | | | | | | | | | | | | | | | | | | | | | | | |  2|  8.4|  2.0|  3.3|  0.0|  0.0| 82.9|  0.0|  0.0|  0.0|
      82760 1   6307|1|  | | | | | | | | | | | | | | | | | | | | | | | | | 12| 44.1|  7.0| 12.0|  5.0|  0.0| 45.7|  0.0|  0.0|  0.0|
      82760 1   6324|1|  | | | | | | | | | | | | | | | | | | | | | | | | | 14| 27.8| 11.0| 11.5|  3.0|  0.0| 62.5|  0.0|  0.0|  0.0|
      82760 1   6327|1|  | | | | | | | | | | | | | | | | | | | | | | | | | 15| 73.3| 12.0|  4.3|  3.0|  0.0| 17.5|  0.0|  0.0|  0.0|
      82760 1   6329|1|  | | | | | | | | | | | | | | | | | | | | | | | | | 15| 63.6|  8.0| 14.8|  7.0|  0.0| 23.6|  0.0|  0.0|  0.0|
      82760 1   6403|1|  | | | | | | | | | | | | | | | | | | | | | | | | | 21| 56.0| 17.0| 10.1|  4.0|  0.0| 33.9|  0.0|  0.0|  0.0|
      82760 1   6429|1|  | | | | | | | | | | | | | | | | | | | | | | | | | 15| 82.1| 11.0|  9.7|  4.0|  0.0| -3.0|  0.0|  0.0|  0.0|
      82760 1   6445|1|  | | | | | | | | | | | | | | | | | | | | | | | | | 16| 55.2| 13.0|  3.4|  3.0|  0.0| 36.0|  0.0|  0.0|  0.0|
      82760 1   6448|1|  | | | | | | | | | | | | | | | | | | | | | | | | | 15| 21.1|  9.0|  4.2|  6.0|  0.0| 70.1|  0.0|  0.0|  0.0|
      82760 1   6455|1|  | | | | | | | | | | | | | | | | | | | | | | | | |  2| 36.0|  2.0| 16.5|  0.0|  0.0| 52.8|  0.0|  0.0|  0.0|
      82760 1   6463|1|  | | | | | | | | | | | | | | | | | | | | | | | | |  4|108.0|  2.0| 16.9|  2.0|  0.0| -2.6|  0.0|  0.0|  0.0|
      82760 1   6495|1|  | | | | | | | | | | | | | | | | | | | | | | | | | 22| 81.7|  8.0|  8.8| 14.0|  0.0|  3.9|  0.0|  0.0|  0.0|
      82760 1   6502|1|  | | | | | | | | | | | | | | | | | | | | | | | | |  2| 76.7|  2.0|  3.7|  0.0|  0.0| 14.2|  0.0|  0.0|  0.0|
      82760 1   6514|1|  | | | | | | | | | | | | | | | | | | | | | | | | | 16| 40.6| 11.0|  9.1|  5.0|  0.0| 50.0|  0.0|  0.0|  0.0|
      82760 1   6553|1|  | | | | | | | | | | | | | | | | | | | | | | | | | 17| 89.2| 13.0| 17.5|  4.0|  0.0|-17.4|  0.0|  0.0|  0.0|
      82760 1   6558|1|  | | | | | | | | | | | | | | | | | | | | | | | | | 20| 68.1| 12.0|  9.7|  8.0|  0.0| 21.2|  0.0|  0.0|  0.0|
      82760 1   6566|1|  | | | | | | | | | | | | | | | | | | | | | | | | | 27| 59.1| 23.0|  6.8|  4.0|  0.0| 31.6|  0.0|  0.0|  0.0|
      82760 1   6573|1|  | | | | | | | | | | | | | | | | | | | | | | | | |  3| 31.5|  2.0|  9.5|  1.0|  0.0| 59.1|  0.0|  0.0|  0.0|
      82760 1   6578|1|  | | | | | | | | | | | | | | | | | | | | | | | | | 26| 68.0| 21.0| 15.1|  5.0|  0.0| 17.8|  0.0|  0.0|  0.0|
      82760 1   6587|1|  | | | | | | | | | | | | | | | | | | | | | | | | | 24| 65.3| 19.0|  8.8|  5.0|  0.0| 24.6|  0.0|  0.0|  0.0|
      82760 1   6594|1|  | | | | | | | | | | | | | | | | | | | | | | | | | 17|109.0| 13.0| 29.5|  4.0|  0.0|-23.6|  0.0|  0.0|  0.0|
      82760 1   6600|1|  | | | | | | | | | | | | | | | | | | | | | | | | | 12| 66.3| 11.0| 17.6|  1.0|  0.0| 17.8|  0.0|  0.0|  0.0|
      82760 1   6618|1|  | | | | | | | | | | | | | | | | | | | | | | | | | 15| 73.4| 11.0|  7.2|  4.0|  0.0| 16.4|  0.0|  0.0|  0.0|
      82760 1   6673|1|  | | | | | | | | | | | | | | | | | | | | | | | | | 15| 92.2|  9.0|  8.8|  6.0|  0.0| -8.8|  0.0|  0.0|  0.0|
      82760 1   6681|1|  | | | | | | | | | | | | | | | | | | | | | | | | | 14| 63.8|  8.0|  2.8|  6.0|  0.0| 27.4|  0.0|  0.0|  0.0|
      82760 1   6686|1|  | | | | | | | | | | | | | | | | | | | | | | | | | 16| 51.6| 12.0| 20.2|  4.0|  0.0| 34.3|  0.0|  0.0|  0.0|
      82760 1   6717|1|  | | | | | | | | | | | | | | | | | | | | | | | | | 17| 30.4| 15.0| 14.0|  2.0|  0.0| 59.3|  0.0|  0.0|  0.0|
      82760 1   6725|1|  | | | | | | | | | | | | | | | | | | | | | | | | | 12| 83.1| 11.0|  3.4|  1.0|  0.0|  7.5|  0.0|  0.0|  0.0|
      82760 1   6727|1|  | | | | | | | | | | | | | | | | | | | | | | | | | 27| 71.0| 20.0| 10.6|  7.0|  0.0| 17.5|  0.0|  0.0|  0.0|
      82760 1   6730|1|  | | | | | | | | | | | | | | | | | | | | | | | | | 17| 58.9| 14.0|  3.7|  3.0|  0.0| 32.3|  0.0|  0.0|  0.0|
      82760 1   6751|1|  | | | | | | | | | | | | | | | | | | | | | | | | | 16| 41.8|  9.0| 18.1|  7.0|  0.0| 46.1|  0.0|  0.0|  0.0|
      82760 1   6763|1|  | | | | | | | | | | | | | | | | | | | | | | | | | 18| 94.7| 12.0| 15.2|  6.0|  0.0|-14.9|  0.0|  0.0|  0.0|
      82760 1   6786|1|  | | | | | | | | | | | | | | | | | | | | | | | | |  4| 68.7|  2.0| 15.1|  2.0|  0.0| 16.9|  0.0|  0.0|  0.0|
      82760 1   6803|1|  | | | | | | | | | | | | | | | | | | | | | | | | | 17| 79.8| 12.0| 11.3|  5.0|  0.0|  2.4|  0.0|  0.0|  0.0|
