      83052 1   5975|1|  | | | | | | | | | | | | | | | | | | | | | | | | | 24| 93.7| 18.0| 18.2|  6.0|  0.0|-18.0|  0.0|  0.0|  0.0|
      83052 1   5977|1|  | | | | | | | | | | | | | | | | | | | | | | | | | 13| 39.6|  7.0| 17.0|  6.0|  0.0| 48.9|  0.0|  0.0|  0.0|
      83052 1   5980|1|  | | | | | | | | | | | | | | | | | | | | | | | | | 19| 70.6| 13.0| 10.3|  6.0|  0.0| 18.0|  0.0|  0.0|  0.0|
      83052 1   5997|1|  | | | | | | | | | | | | | | | | | | | | | | | | | 21| 72.7| 14.0| 14.8|  7.0|  0.0| 11.4|  0.0|  0.0|  0.0|
      83052 1   6005|1|  | | | | | | | | | | | | | | | | | | | | | | | | | 17| 60.1| 13.0|  3.6|  4.0|  0.0| 31.0|  0.0|  0.0|  0.0|
      83052 1   6020|1|  | | | | | | | | | | | | | | | | | | | | | | | | |  2| 90.1|  2.0|  2.9|  0.0|  0.0| -2.6|  0.0|  0.0|  0.0|
      83052 1   6028|1|  | | | | | | | | | | | | | | | | | | | | | | | | | 15| 67.2|  9.0| 14.8|  6.0|  0.0| 19.1|  0.0|  0.0|  0.0|
      83052 1   6031|1|  | | | | | | | | | | | | | | | | | | | | | | | | | 13| 38.0| 11.0| 18.3|  2.0|  0.0| 50.2|  0.0|  0.0|  0.0|
      83052 1   6053|1|  | | | | | | | | | | | | | | | | | | | | | | | | | 13| 69.2| 11.0|  5.4|  2.0|  0.0| 21.5|  0.0|  0.0|  0.0|
      83052 1   6063|1|  | | | | | | | | | | | | | | | | | | | | | | | | | 22| 77.1| 17.0| 19.9|  5.0|  0.0|-13.9|  0.0|  0.0|  0.0|
      83052 1   6065|1|  | | | | | | | | | | | | | | | | | | | | | | | | | 21| 77.5| 16.0|  9.9|  5.0|  0.0|  9.7|  0.0|  0.0|  0.0|
      83052 1   6081|1|  | | | | | | | | | | | | | | | | | | | | | | | | | 18| 49.8| 14.0| 13.2|  4.0|  0.0| 39.4|  0.0|  0.0|  0.0|
      83052 1   6088|1|  | | | | | | | | | | | | | | | | | | | | | | | | | 26| 73.2| 19.0|  1.8|  7.0|  0.0| 18.1|  0.0|  0.0|  0.0|
      83052 1   6115|1|  | | | | | | | | | | | | | | | | | | | | | | | | |  2| 77.5|  2.0|  2.5|  0.0|  0.0| 13.7|  0.0|  0.0|  0.0|
      83052 1   6139|1|  | | | | | | | | | | | | | | | | | | | | | | | | | 14| 45.6| 12.0| 18.1|  2.0|  0.0| 42.0|  0.0|  0.0|  0.0|
      83052 1   6143|1|  | | | | | | | | | | | | | | | | | | | | | | | | | 23| 73.8| 15.0|  6.7|  8.0|  0.0| 16.2|  0.0|  0.0|  0.0|
      83052 1   6160|1|  | | | | | | | | | | | | | | | | | | | | | | | | | 20| 54.2| 14.0|  9.7|  6.0|  0.0| 35.9|  0.0|  0.0|  0.0|
      83052 1   6171|1|  | | | | | | | | | | | | | | | | | | | | | | | | | 27| 61.1| 22.0|  7.0|  5.0|  0.0| 29.4|  0.0|  0.0|  0.0|
      83052 1   6196|1|  | | | | | | | | | | | | | | | | | | | | | | | | |  3| 90.6|  2.0|  2.5|  1.0|  0.0| -2.4|  0.0|  0.0|  0.0|
      83052 1   6219|1|  | | | | | | | | | | | | | | | | | | | | | | | | | 16| 45.5| 10.0|  3.3|  6.0|  0.0| 45.7|  0.0|  0.0|  0.0|
      83052 1   6271|1|  | | | | | | | | | | | | | | | | | | | | | | | | | 18| 69.0| 13.0|  2.4|  5.0|  0.0| 22.2|  0.0|  0.0|  0.0|
      83052 1   6282|1|  | | | | | | | | | | | | | | | | | | | | | | | | | 30| 76.3| 22.0|  8.1|  8.0|  0.0| 12.7|  0.0|  0.0|  0.0|
      83052 1   6283|1|  | | | | | | | | | | | | | | | | | | | | | | | | | 22| 78.9| 18.0|  5.9|  4.0|  0.0| 10.9|  0.0|  0.0|  0.0|
      83052 1   6285|1|  | | | | | | | | | | | | | | | | | | | | | | | | | 14| 84.0|  9.0| 22.5|  5.0|  0.0|-21.3|  0.0|  0.0|  0.0|
      83052 1   6301|1|  | | | | | | | | | | | | | | | | | | | | | | | | | 21| 48.5| 14.0|  4.7|  7.0|  0.0| 42.6|  0.0|  0.0|  0.0|
      83052 1   6315|1|  | | | | | | | | | | | | | | | | | | | | | | | | | 25| 70.2| 17.0|  2.4|  8.0|  0.0| 21.0|  0.0|  0.0|  0.0|
      83052 1   6330|1|  | | | | | | | | | | | | | | | | | | | | | | | | | 21| 71.9| 17.0|  9.7|  4.0|  0.0| 16.8|  0.0|  0.0|  0.0|
      83052 1   6332|1|  | | | | | | | | | | | | | | | | | | | | | | | | | 19| 68.0| 13.0|  4.2|  6.0|  0.0| 23.0|  0.0|  0.0|  0.0|
      83052 1   6343|1|  | | | | | | | | | | | | | | | | | | | | | | | | |  2| 93.4|  2.0|  7.7|  0.0|  0.0| -7.4|  0.0|  0.0|  0.0|
      83052 1   6344|1|  | | | | | | | | | | | | | | | | | | | | | | | | | 17| 51.5| 14.0| 16.2|  3.0|  0.0| 36.5|  0.0|  0.0|  0.0|
      83052 1   6364|1|  | | | | | | | | | | | | | | | | | | | | | | | | | 15| 64.9| 11.0| 19.1|  4.0|  0.0| 18.4|  0.0|  0.0|  0.0|
      83052 1   6382|1|  | | | | | | | | | | | | | | | | | | | | | | | | | 16| 55.6| 13.0| 13.8|  3.0|  0.0| 33.0|  0.0|  0.0|  0.0|
      83052 1   6397|1|  | | | | | | | | | | | | | | | | | | | | | | | | | 13| 70.0|  7.0| 21.7|  6.0|  0.0| -3.8|  0.0|  0.0|  0.0|
      83052 1   6535|1|  | | | | | | | | | | | | | | | | | | | | | | | | | 15| 58.8| 12.0| 15.1|  3.0|  0.0| 28.9|  0.0|  0.0|  0.0|
      83052 1   6537|1|  | | | | | | | | | | | | | | | | | | | | | | | | |  7| 61.5|  4.0| 23.8|  3.0|  0.0| 18.0|  0.0|  0.0|  0.0|
      83052 1   6631|1|  | | | | | | | | | | | | | | | | | | | | | | | | | 10| 68.1|  7.0|  9.2|  3.0|  0.0| 21.4|  0.0|  0.0|  0.0|
      83052 1   6651|1|  | | | | | | | | | | | | | | | | | | | | | | | | | 20| 79.4| 17.0|  4.8|  3.0|  0.0| 10.9|  0.0|  0.0|  0.0|
      83052 1   6673|1|  | | | | | | | | | | | | | | | | | | | | | | | | | 20| 52.6| 15.0| 28.3|  5.0|  0.0| 26.6|  0.0|  0.0|  0.0|
      83052 1   6688|1|  | | | | | | | | | | | | | | | | | | | | | | | | | 21| 47.2| 17.0|  4.9|  4.0|  0.0| 43.9|  0.0|  0.0|  0.0|
      83052 1   6690|1|  | | | | | | | | | | | | | | | | | | | | | | | | | 18| 56.8| 13.0| 11.6|  5.0|  0.0| 32.6|  0.0|  0.0|  0.0|
      83052 1   6726|1|  | | | | | | | | | | | | | | | | | | | | | | | | | 23| 92.9| 20.0| 11.2|  3.0|  0.0|-11.1|  0.0|  0.0|  0.0|
      83052 1   6727|1|  | | | | | | | | | | | | | | | | | | | | | | | | | 11| 19.6|  6.0|  3.6|  5.0|  0.0| 71.7|  0.0|  0.0|  0.0|
      83052 1   6742|1|  | | | | | | | | | | | | | | | | | | | | | | | | | 22| 70.4| 19.0|  4.1|  3.0|  0.0| 20.6|  0.0|  0.0|  0.0|
      83052 1   6751|1|  | | | | | | | | | | | | | | | | | | | | | | | | | 17| 64.6| 14.0|  3.3|  3.0|  0.0| 26.6|  0.0|  0.0|  0.0|
      83052 1   6770|1|  | | | | | | | | | | | | | | | | | | | | | | | | | 15| 68.1| 14.0| 17.7|  1.0|  0.0| 15.2|  0.0|  0.0|  0.0|
      83052 1   6773|1|  | | | | | | | | | | | | | | | | | | | | | | | | | 30| 64.3| 24.0| 15.7|  6.0|  0.0| 22.1|  0.0|  0.0|  0.0|
      83052 1   6814|1|  | | | | | | | | | | | | | | | | | | | | | | | | | 17| 80.9| 11.0|  6.8|  6.0|  0.0|  7.9|  0.0|  0.0|  0.0|
      83052 1   6848|1|  | | | | | | | | | | | | | | | | | | | | | | | | | 20| 52.2| 15.0| 17.3|  5.0|  0.0| 35.2|  0.0|  0.0|  0.0|
      83052 1   6856|1|  | | | | | | | | | | | | | | | | | | | | | | | | | 13| 71.5| 10.0|  3.8|  3.0|  0.0| 19.5|  0.0|  0.0|  0.0|
      83052 1   6860|1|  | | | | | | | | | | | | | | | | | | | | | | | | | 23| 81.9| 15.0|  8.7|  8.0|  0.0|  3.8|  0.0|  0.0|  0.0|
      83052 1   6898|1|  | | | | | | | | | | | | | | | | | | | | | | | | | 20| 74.2| 15.0|  5.3|  5.0|  0.0| 16.3|  0.0|  0.0|  0.0|
      83052 1   6917|1|  | | | | | | | | | | | | | | | | | | | | | | | | | 13| 40.6|  9.0| 10.1|  4.0|  0.0| 49.7|  0.0|  0.0|  0.0|
      83052 1   6922|1|  | | | | | | | | | | | | | | | | | | | | | | | | | 24| 95.7| 19.0| 23.6|  5.0|  0.0|-23.2|  0.0|  0.0|  0.0|
      83052 1   6938|1|  | | | | | | | | | | | | | | | | | | | | | | | | | 27| 59.1| 19.0| 14.0|  8.0|  0.0| 29.1|  0.0|  0.0|  0.0|
      83052 1   6958|1|  | | | | | | | | | | | | | | | | | | | | | | | | | 13| 20.4| 11.0|  9.3|  2.0|  0.0| 70.3|  0.0|  0.0|  0.0|
      83052 1   6960|1|  | | | | | | | | | | | | | | | | | | | | | | | | | 30| 64.1| 25.0|  9.2|  5.0|  0.0| 25.7|  0.0|  0.0|  0.0|
      83052 1   6995|1|  | | | | | | | | | | | | | | | | | | | | | | | | | 12| 99.8|  9.0| 49.1|  3.0|  0.0|-48.3|  0.0|  0.0|  0.0|
      83052 1   7042|1|  | | | | | | | | | | | | | | | | | | | | | | | | |  2| 89.4|  2.0|  2.3|  0.0|  0.0| -1.3|  0.0|  0.0|  0.0|
      83052 1   7077|1|  | | | | | | | | | | | | | | | | | | | | | | | | |  3| 73.1|  3.0| 18.3|  0.0|  0.0| -1.8|  0.0|  0.0|  0.0|
      83052 1   7081|1|  | | | | | | | | | | | | | | | | | | | | | | | | | 24| 66.6| 20.0|  6.0|  4.0|  0.0| 24.0|  0.0|  0.0|  0.0|
      83052 1   7091|1|  | | | | | | | | | | | | | | | | | | | | | | | | | 23| 70.1| 20.0|  4.3|  3.0|  0.0| 20.8|  0.0|  0.0|  0.0|
      83052 1   7114|1|  | | | | | | | | | | | | | | | | | | | | | | | | | 16| 81.5| 12.0|  2.3|  4.0|  0.0|  9.6|  0.0|  0.0|  0.0|
      83052 1   7142|1|  | | | | | | | | | | | | | | | | | | | | | | | | | 23| 62.9| 21.0| 14.6|  2.0|  0.0| 24.4|  0.0|  0.0|  0.0|
      83052 1   7171|1|  | | | | | | | | | | | | | | | | | | | | | | | | | 25| 69.8| 19.0|  6.7|  6.0|  0.0| 20.5|  0.0|  0.0|  0.0|
      83052 1   7175|1|  | | | | | | | | | | | | | | | | | | | | | | | | | 23| 62.7| 16.0|  9.4|  7.0|  0.0| 27.1|  0.0|  0.0|  0.0|
      83052 1   7180|1|  | | | | | | | | | | | | | | | | | | | | | | | | | 19| 61.8| 10.0| 14.3|  9.0|  0.0| 25.9|  0.0|  0.0|  0.0|
      83052 1   7183|1|  | | | | | | | | | | | | | | | | | | | | | | | | | 18| 63.1| 14.0| 26.9|  4.0|  0.0|  8.6|  0.0|  0.0|  0.0|
      83052 1   7200|1|  | | | | | | | | | | | | | | | | | | | | | | | | | 14| 34.0| 10.0| 25.1|  4.0|  0.0| 51.6|  0.0|  0.0|  0.0|
      83052 1   7202|1|  | | | | | | | | | | | | | | | | | | | | | | | | | 18| 56.6| 14.0|  5.6|  4.0|  0.0| 34.3|  0.0|  0.0|  0.0|
      83052 1   7203|1|  | | | | | | | | | | | | | | | | | | | | | | | | | 27| 56.7| 22.0|  7.6|  5.0|  0.0| 33.9|  0.0|  0.0|  0.0|
      83052 1   7237|1|  | | | | | | | | | | | | | | | | | | | | | | | | | 10| 55.8| 10.0| 12.3|  0.0|  0.0| 33.3|  0.0|  0.0|  0.0|
      83052 1   7292|1|  | | | | | | | | | | | | | | | | | | | | | | | | | 23| 67.3| 19.0|  8.2|  4.0|  0.0| 22.6|  0.0|  0.0|  0.0|
      83052 1   7301|1|  | | | | | | | | | | | | | | | | | | | | | | | | | 22| 47.7| 19.0| 12.7|  3.0|  0.0| 41.8|  0.0|  0.0|  0.0|
      83052 1   7315|1|  | | | | | | | | | | | | | | | | | | | | | | | | | 14| 47.7|  9.0| 13.1|  5.0|  0.0| 41.7|  0.0|  0.0|  0.0|
      83052 1   7320|1|  | | | | | | | | | | | | | | | | | | | | | | | | | 17|103.3| 14.0| 52.0|  3.0|  0.0|-50.7|  0.0|  0.0|  0.0|
      83052 1   7340|1|  | | | | | | | | | | | | | | | | | | | | | | | | | 19| 78.6| 11.0|  8.8|  8.0|  0.0|  9.2|  0.0|  0.0|  0.0|
      83052 1   7349|1|  | | | | | | | | | | | | | | | | | | | | | | | | | 13| 71.9| 11.0|  8.6|  2.0|  0.0| 17.5|  0.0|  0.0|  0.0|
      83052 1   7418|1|  | | | | | | | | | | | | | | | | | | | | | | | | | 16| 60.5| 13.0|  4.2|  3.0|  0.0| 30.6|  0.0|  0.0|  0.0|
      83052 1   7425|1|  | | | | | | | | | | | | | | | | | | | | | | | | | 14| 65.1| 12.0|  5.5|  2.0|  0.0| 25.6|  0.0|  0.0|  0.0|
      83052 1   7439|1|  | | | | | | | | | | | | | | | | | | | | | | | | | 18| 58.8| 16.0|  1.9|  2.0|  0.0| 32.5|  0.0|  0.0|  0.0|
      83052 1   7448|1|  | | | | | | | | | | | | | | | | | | | | | | | | | 13| 91.7|  8.0|  3.0|  5.0|  0.0| -3.0|  0.0|  0.0|  0.0|
      83052 1   7485|1|  | | | | | | | | | | | | | | | | | | | | | | | | | 12| 37.8| 12.0| 11.4|  0.0|  0.0| 52.3|  0.0|  0.0|  0.0|
      83052 1   7495|1|  | | | | | | | | | | | | | | | | | | | | | | | | | 12| 86.1|  8.0|  8.1|  4.0|  0.0| -6.1|  0.0|  0.0|  0.0|
      83052 1   7516|1|  | | | | | | | | | | | | | | | | | | | | | | | | | 20| 75.6| 18.0| 16.8|  2.0|  0.0| -5.6|  0.0|  0.0|  0.0|
      83052 1   7520|1|  | | | | | | | | | | | | | | | | | | | | | | | | | 21| 82.2| 17.0| 14.2|  4.0|  0.0|-10.8|  0.0|  0.0|  0.0|
      83052 1   7528|1|  | | | | | | | | | | | | | | | | | | | | | | | | | 17| 69.3| 12.0| 12.7|  5.0|  0.0| 18.1|  0.0|  0.0|  0.0|
      83052 1   7534|1|  | | | | | | | | | | | | | | | | | | | | | | | | |  3| 48.3|  2.0| 14.6|  1.0|  0.0| 40.5|  0.0|  0.0|  0.0|
      83052 1   7535|1|  | | | | | | | | | | | | | | | | | | | | | | | | | 19| 72.0| 15.0| 14.4|  4.0|  0.0| 13.0|  0.0|  0.0|  0.0|
      83052 1   7549|1|  | | | | | | | | | | | | | | | | | | | | | | | | | 19| 69.1| 14.0|  5.4|  5.0|  0.0| 21.6|  0.0|  0.0|  0.0|
      83052 1   7556|1|  | | | | | | | | | | | | | | | | | | | | | | | | |  8| 29.6|  5.0|  8.3|  3.0|  0.0| 61.2|  0.0|  0.0|  0.0|
      83052 1   7577|1|  | | | | | | | | | | | | | | | | | | | | | | | | |  2| 15.4|  2.0| 13.8|  0.0|  0.0| 74.7|  0.0|  0.0|  0.0|
      83052 1   7643|1|  | | | | | | | | | | | | | | | | | | | | | | | | | 30| 77.4| 27.0| 21.0|  3.0|  0.0|-15.7|  0.0|  0.0|  0.0|
      83052 1   7664|1|  | | | | | | | | | | | | | | | | | | | | | | | | |  3| 88.0|  2.0|  1.4|  1.0|  0.0|  3.1|  0.0|  0.0|  0.0|
      83052 1   7690|1|  | | | | | | | | | | | | | | | | | | | | | | | | | 24| 69.6| 22.0|  8.3|  2.0|  0.0| 20.1|  0.0|  0.0|  0.0|
      83052 1   7691|1|  | | | | | | | | | | | | | | | | | | | | | | | | |  2| 28.8|  2.0| 28.0|  0.0|  0.0| 55.9|  0.0|  0.0|  0.0|
      83052 1   7720|1|  | | | | | | | | | | | | | | | | | | | | | | | | | 16| 37.7| 14.0|  4.6|  2.0|  0.0| 53.4|  0.0|  0.0|  0.0|
      83052 1   7738|1|  | | | | | | | | | | | | | | | | | | | | | | | | | 13| 55.5|  8.0| 27.5|  5.0|  0.0| 23.0|  0.0|  0.0|  0.0|
      83052 1   7759|1|  | | | | | | | | | | | | | | | | | | | | | | | | | 22| 90.6| 16.0|  2.8|  6.0|  0.0| -2.7|  0.0|  0.0|  0.0|
      83052 1   7786|1|  | | | | | | | | | | | | | | | | | | | | | | | | | 18|103.5| 12.0| 23.8|  6.0|  0.0|-20.5|  0.0|  0.0|  0.0|
      83052 1   7794|1|  | | | | | | | | | | | | | | | | | | | | | | | | | 23| 97.6| 16.0| 10.5|  7.0|  0.0| -8.4|  0.0|  0.0|  0.0|
