      82662 1   2960|1|  | | | | | | | | | | | | | | | | | | | | | | | | |  2|105.7|  2.0|  8.0|  0.0|  0.0| 11.9|  0.0|  0.0|  0.0|
      82662 1   3046|1|  | | | | | | | | | | | | | | | | | | | | | | | | |  2| 91.4|  2.0|  0.5|  0.0|  0.0| -0.5|  0.0|  0.0|  0.0|
      82662 1   3060|1|  | | | | | | | | | | | | | | | | | | | | | | | | |  2| 73.6|  2.0| 31.2|  0.0|  0.0|-25.7|  0.0|  0.0|  0.0|
      82662 1   3323|1|  | | | | | | | | | | | | | | | | | | | | | | | | |  5| 60.8|  2.0|  6.5|  3.0|  0.0| 29.8|  0.0|  0.0|  0.0|
      82662 1   3519|1|  | | | | | | | | | | | | | | | | | | | | | | | | |  4| 28.1|  2.0|  2.6|  2.0|  0.0| 63.2|  0.0|  0.0|  0.0|
      82662 1   3523|1|  | | | | | | | | | | | | | | | | | | | | | | | | |  3| 93.1|  2.0|  2.5|  1.0|  0.0| -1.9|  0.0|  0.0|  0.0|
      82662 1   3761|1|  | | | | | | | | | | | | | | | | | | | | | | | | |  5| 10.9|  2.0|  4.1|  3.0|  0.0| 80.4|  0.0|  0.0|  0.0|
      82662 1   3895|1|  | | | | | | | | | | | | | | | | | | | | | | | | |  2| 95.0|  2.0|  0.6|  0.0|  0.0|  3.6|  0.0|  0.0|  0.0|
      82662 1   3980|1|  | | | | | | | | | | | | | | | | | | | | | | | | |  6| 51.1|  2.0| 36.0|  4.0|  0.0| 18.1|  0.0|  0.0|  0.0|
      82662 1   4062|1|  | | | | | | | | | | | | | | | | | | | | | | | | |  5| 69.5|  2.0| 11.6|  3.0|  0.0| 18.6|  0.0|  0.0|  0.0|
      82662 1   4082|1|  | | | | | | | | | | | | | | | | | | | | | | | | |  2| 25.0|  2.0| 17.3|  0.0|  0.0| 64.1|  0.0|  0.0|  0.0|
      82662 1   4140|1|  | | | | | | | | | | | | | | | | | | | | | | | | |  6| 89.1|  3.0| 22.4|  3.0|  0.0|-22.3|  0.0|  0.0|  0.0|
      82662 1   4223|1|  | | | | | | | | | | | | | | | | | | | | | | | | |  2| 92.6|  2.0|  0.2|  0.0|  0.0|  1.2|  0.0|  0.0|  0.0|
      82662 1   4402|1|  | | | | | | | | | | | | | | | | | | | | | | | | |  2| 92.0|  2.0|  4.2|  0.0|  0.0| -4.1|  0.0|  0.0|  0.0|
      82662 1   4403|1|  | | | | | | | | | | | | | | | | | | | | | | | | |  2| 88.4|  2.0|  3.6|  0.0|  0.0| -2.1|  0.0|  0.0|  0.0|
      82662 1   4664|1|  | | | | | | | | | | | | | | | | | | | | | | | | |  5| 45.5|  2.0| 16.7|  3.0|  0.0| 42.7|  0.0|  0.0|  0.0|
      82662 1   4845|1|  | | | | | | | | | | | | | | | | | | | | | | | | |  2| 42.1|  2.0| 12.9|  0.0|  0.0| 47.5|  0.0|  0.0|  0.0|
      82662 1   5077|1|  | | | | | | | | | | | | | | | | | | | | | | | | |  3| 89.0|  2.0|  7.4|  1.0|  0.0| -7.0|  0.0|  0.0|  0.0|
      82662 1   5192|1|  | | | | | | | | | | | | | | | | | | | | | | | | |  2| 10.7|  2.0| 10.0|  0.0|  0.0| 80.1|  0.0|  0.0|  0.0|
      82662 1   5289|1|  | | | | | | | | | | | | | | | | | | | | | | | | |  2| 90.3|  2.0| 13.2|  0.0|  0.0|-13.2|  0.0|  0.0|  0.0|
      82662 1   5421|1|  | | | | | | | | | | | | | | | | | | | | | | | | |  8| 54.4|  4.0| 44.4|  4.0|  0.0|-24.6|  0.0|  0.0|  0.0|
      82662 1   5701|1|  | | | | | | | | | | | | | | | | | | | | | | | | |  7| 74.0|  2.0|  8.6|  5.0|  0.0| 15.1|  0.0|  0.0|  0.0|
      82662 1   5925|1|  | | | | | | | | | | | | | | | | | | | | | | | | |  3| 92.7|  2.0|  2.8|  1.0|  0.0| -2.4|  0.0|  0.0|  0.0|
      82662 1   5955|1|  | | | | | | | | | | | | | | | | | | | | | | | | |  6| 38.3|  2.0|  7.6|  4.0|  0.0| 52.5|  0.0|  0.0|  0.0|
      82662 1   5959|1|  | | | | | | | | | | | | | | | | | | | | | | | | |  2| 59.3|  2.0| 18.6|  0.0|  0.0| 26.1|  0.0|  0.0|  0.0|
      82662 1   6047|1|  | | | | | | | | | | | | | | | | | | | | | | | | |  3| 90.7|  2.0|  2.3|  1.0|  0.0| -2.2|  0.0|  0.0|  0.0|
      82662 1   6160|1|  | | | | | | | | | | | | | | | | | | | | | | | | |  4| 56.7|  2.0| 18.1|  2.0|  0.0| 29.6|  0.0|  0.0|  0.0|
      82662 1   6193|1|  | | | | | | | | | | | | | | | | | | | | | | | | |  5| 14.4|  2.0| 11.6|  3.0|  0.0| 76.0|  0.0|  0.0|  0.0|
      82662 1   6539|1|  | | | | | | | | | | | | | | | | | | | | | | | | | 10| 77.0|  4.0| 13.3|  6.0|  0.0|  5.5|  0.0|  0.0|  0.0|
      82662 1   6599|1|  | | | | | | | | | | | | | | | | | | | | | | | | | 11| 79.5|  6.0| 12.4|  5.0|  0.0| -3.6|  0.0|  0.0|  0.0|
      82662 1   6769|1|  | | | | | | | | | | | | | | | | | | | | | | | | |  2| 28.1|  2.0| 19.8|  0.0|  0.0| 60.1|  0.0|  0.0|  0.0|
      82662 1   7000|1|  | | | | | | | | | | | | | | | | | | | | | | | | |  2| 92.0|  2.0|  1.6|  0.0|  0.0| -1.4|  0.0|  0.0|  0.0|
      82662 1   7053|1|  | | | | | | | | | | | | | | | | | | | | | | | | |  3| 85.5|  2.0|  7.9|  1.0|  0.0| -5.3|  0.0|  0.0|  0.0|
      82662 1   7235|1|  | | | | | | | | | | | | | | | | | | | | | | | | |  3| 71.0|  2.0| 17.6|  1.0|  0.0| 10.2|  0.0|  0.0|  0.0|
      82662 1   7240|1|  | | | | | | | | | | | | | | | | | | | | | | | | |  3| 71.8|  2.0| 13.9|  1.0|  0.0| 13.8|  0.0|  0.0|  0.0|
      82662 1   7308|1|  | | | | | | | | | | | | | | | | | | | | | | | | |  8|  7.4|  6.0|  2.7|  2.0|  0.0| 84.0|  0.0|  0.0|  0.0|
      82662 1   7312|1|  | | | | | | | | | | | | | | | | | | | | | | | | |  4| 68.2|  2.0| 22.4|  2.0|  0.0|  5.6|  0.0|  0.0|  0.0|
      82662 1   7378|1|  | | | | | | | | | | | | | | | | | | | | | | | | |  2|104.8|  2.0| 16.1|  0.0|  0.0| -8.9|  0.0|  0.0|  0.0|
      82662 1   7413|1|  | | | | | | | | | | | | | | | | | | | | | | | | |  3| 90.3|  2.0|  5.6|  1.0|  0.0| -5.4|  0.0|  0.0|  0.0|
      82662 1   7453|1|  | | | | | | | | | | | | | | | | | | | | | | | | |  4| 85.2|  2.0|  4.2|  2.0|  0.0|  4.5|  0.0|  0.0|  0.0|
      82662 1   7527|1|  | | | | | | | | | | | | | | | | | | | | | | | | |  5| 73.8|  4.0|  7.4|  1.0|  0.0| 15.9|  0.0|  0.0|  0.0|
      82662 1   7609|1|  | | | | | | | | | | | | | | | | | | | | | | | | |  5| 47.0|  2.0| 37.0|  3.0|  0.0| 24.5|  0.0|  0.0|  0.0|
      82662 1   7664|1|  | | | | | | | | | | | | | | | | | | | | | | | | | 10| 55.2|  4.0| 24.7|  6.0|  0.0| 26.5|  0.0|  0.0|  0.0|
      82662 1   7715|1|  | | | | | | | | | | | | | | | | | | | | | | | | |  2| 92.2|  2.0|  4.4|  0.0|  0.0| -4.3|  0.0|  0.0|  0.0|
      82662 1   7723|1|  | | | | | | | | | | | | | | | | | | | | | | | | |  2| 91.6|  2.0|  2.5|  0.0|  0.0| -2.5|  0.0|  0.0|  0.0|
      82662 1   8015|1|  | | | | | | | | | | | | | | | | | | | | | | | | |  3| 75.4|  2.0|  1.3|  1.0|  0.0| 15.9|  0.0|  0.0|  0.0|
      82662 1   8099|1|  | | | | | | | | | | | | | | | | | | | | | | | | |  8| 44.6|  5.0|  2.4|  3.0|  0.0| 46.6|  0.0|  0.0|  0.0|
      82662 1   8181|1|  | | | | | | | | | | | | | | | | | | | | | | | | |  3| 59.0|  2.0| 15.5|  1.0|  0.0| 28.4|  0.0|  0.0|  0.0|
      82662 1   8281|1|  | | | | | | | | | | | | | | | | | | | | | | | | |  5| 26.3|  3.0|  0.9|  2.0|  0.0| 65.0|  0.0|  0.0|  0.0|
      82662 1   8430|1|  | | | | | | | | | | | | | | | | | | | | | | | | |  5| 60.4|  2.0| 35.2|  3.0|  0.0|-16.9|  0.0|  0.0|  0.0|
      82662 1   8456|1|  | | | | | | | | | | | | | | | | | | | | | | | | |  3| 61.1|  2.0|  1.1|  1.0|  0.0| 30.2|  0.0|  0.0|  0.0|
      82681 1     53|1|  | | | | | | | | | | | | | | | | | | | | | | | | |  4| 66.7|  2.0| 29.4|  2.0|  0.0|-16.1|  0.0|  0.0|  0.0|
      82681 1    154|1|  | | | | | | | | | | | | | | | | | | | | | | | | |  7| 43.1|  4.0|  8.6|  3.0|  0.0| 47.5|  0.0|  0.0|  0.0|
      82681 1    159|1|  | | | | | | | | | | | | | | | | | | | | | | | | |  2| 93.6|  2.0|  1.8|  0.0|  0.0|  1.3|  0.0|  0.0|  0.0|
      82681 1    479|1|  | | | | | | | | | | | | | | | | | | | | | | | | |  3| 57.3|  2.0| 40.8|  1.0|  0.0|-22.5|  0.0|  0.0|  0.0|
      82681 1    523|1|  | | | | | | | | | | | | | | | | | | | | | | | | |  2| 61.3|  2.0|  3.8|  0.0|  0.0| 29.9|  0.0|  0.0|  0.0|
      82681 1   1005|1|  | | | | | | | | | | | | | | | | | | | | | | | | |  4| 82.1|  2.0| 12.5|  2.0|  0.0| -8.3|  0.0|  0.0|  0.0|
      82681 1   1023|1|  | | | | | | | | | | | | | | | | | | | | | | | | |  3| 86.3|  2.0|  0.7|  1.0|  0.0|  5.0|  0.0|  0.0|  0.0|
      82681 1   1445|1|  | | | | | | | | | | | | | | | | | | | | | | | | |  2| 94.5|  2.0|  3.4|  0.0|  0.0| -1.3|  0.0|  0.0|  0.0|
      82681 1   1606|1|  | | | | | | | | | | | | | | | | | | | | | | | | |  9|122.6|  3.0| 28.5|  6.0|  0.0| 13.0|  0.0|  0.0|  0.0|
      82681 1   1636|1|  | | | | | | | | | | | | | | | | | | | | | | | | |  3| 86.1|  2.0|  7.8|  1.0|  0.0| -5.7|  0.0|  0.0|  0.0|
      82681 1   1871|1|  | | | | | | | | | | | | | | | | | | | | | | | | |  8| 52.7|  4.0| 48.5|  4.0|  0.0|-29.2|  0.0|  0.0|  0.0|
      82681 1   2197|1|  | | | | | | | | | | | | | | | | | | | | | | | | |  3| 72.6|  2.0|  0.1|  1.0|  0.0| 18.7|  0.0|  0.0|  0.0|
      82681 1   2249|1|  | | | | | | | | | | | | | | | | | | | | | | | | |  2| 38.9|  2.0| 19.8|  0.0|  0.0| 48.6|  0.0|  0.0|  0.0|
      82681 1   2266|1|  | | | | | | | | | | | | | | | | | | | | | | | | |  3| 90.2|  2.0|  1.8|  1.0|  0.0| -1.4|  0.0|  0.0|  0.0|
      82681 1   2500|1|  | | | | | | | | | | | | | | | | | | | | | | | | |  2| 90.2|  2.0|  1.4|  0.0|  0.0| -0.7|  0.0|  0.0|  0.0|
      82681 1   2545|1|  | | | | | | | | | | | | | | | | | | | | | | | | |  7| 40.8|  2.0|  6.5|  5.0|  0.0| 50.1|  0.0|  0.0|  0.0|
      82681 1   2879|1|  | | | | | | | | | | | | | | | | | | | | | | | | |  4| 95.1|  2.0|  2.8|  2.0|  0.0|  2.6|  0.0|  0.0|  0.0|
      82681 1   2944|1|  | | | | | | | | | | | | | | | | | | | | | | | | |  4| 87.7|  2.0|  4.3|  2.0|  0.0| -2.3|  0.0|  0.0|  0.0|
      82681 1   3004|1|  | | | | | | | | | | | | | | | | | | | | | | | | |  4| 93.2|  2.0|  2.4|  2.0|  0.0| -1.5|  0.0|  0.0|  0.0|
      82681 1   3248|1|  | | | | | | | | | | | | | | | | | | | | | | | | |  2| 93.3|  2.0|  0.4|  0.0|  0.0|  1.9|  0.0|  0.0|  0.0|
      82681 1   3559|1|  | | | | | | | | | | | | | | | | | | | | | | | | |  6| 84.4|  2.0|  7.1|  4.0|  0.0| -1.1|  0.0|  0.0|  0.0|
      82681 1   3571|1|  | | | | | | | | | | | | | | | | | | | | | | | | |  8| 57.9|  4.0|  6.3|  4.0|  0.0| 32.8|  0.0|  0.0|  0.0|
      82681 1   3619|1|  | | | | | | | | | | | | | | | | | | | | | | | | |  3|102.2|  2.0|  6.9|  1.0|  0.0|  8.4|  0.0|  0.0|  0.0|
      82681 1   3709|1|  | | | | | | | | | | | | | | | | | | | | | | | | |  3| 74.2|  2.0| 11.8|  1.0|  0.0| 12.4|  0.0|  0.0|  0.0|
      82681 1   3801|1|  | | | | | | | | | | | | | | | | | | | | | | | | |  7| 96.8|  2.0|  9.2|  5.0|  0.0| -7.4|  0.0|  0.0|  0.0|
      82681 1   3854|1|  | | | | | | | | | | | | | | | | | | | | | | | | |  2| 91.8|  2.0|  2.5|  0.0|  0.0| -2.5|  0.0|  0.0|  0.0|
      82681 1   3906|1|  | | | | | | | | | | | | | | | | | | | | | | | | |  3| 98.3|  2.0|  5.9|  1.0|  0.0|  3.6|  0.0|  0.0|  0.0|
      82681 1   3996|1|  | | | | | | | | | | | | | | | | | | | | | | | | |  3| 74.1|  2.0| 17.6|  1.0|  0.0| -3.7|  0.0|  0.0|  0.0|
      82681 1   4231|1|  | | | | | | | | | | | | | | | | | | | | | | | | |  4| 91.5|  2.0|  5.3|  2.0|  0.0| -5.3|  0.0|  0.0|  0.0|
      82681 1   4409|1|  | | | | | | | | | | | | | | | | | | | | | | | | |  2| 82.5|  2.0|  0.4|  0.0|  0.0|  8.9|  0.0|  0.0|  0.0|
      82681 1   4498|1|  | | | | | | | | | | | | | | | | | | | | | | | | | 10| 74.9|  4.0| 14.5|  6.0|  0.0|  8.0|  0.0|  0.0|  0.0|
      82681 1   4520|1|  | | | | | | | | | | | | | | | | | | | | | | | | |  2| 92.9|  2.0|  5.1|  0.0|  0.0| -4.9|  0.0|  0.0|  0.0|
      82681 1   4562|1|  | | | | | | | | | | | | | | | | | | | | | | | | |  7| 29.6|  4.0| 20.9|  3.0|  0.0| 58.1|  0.0|  0.0|  0.0|
      82681 1   4633|1|  | | | | | | | | | | | | | | | | | | | | | | | | |  2| 82.6|  2.0|  8.7|  0.0|  0.0|  0.3|  0.0|  0.0|  0.0|
      82681 1   4680|1|  | | | | | | | | | | | | | | | | | | | | | | | | |  6| 23.6|  2.0| 11.0|  4.0|  0.0| 66.9|  0.0|  0.0|  0.0|
      82681 1   4742|1|  | | | | | | | | | | | | | | | | | | | | | | | | | 10| 62.5|  5.0|  2.2|  5.0|  0.0| 28.8|  0.0|  0.0|  0.0|
      82681 1   4855|1|  | | | | | | | | | | | | | | | | | | | | | | | | |  2| 93.3|  2.0|  1.5|  0.0|  0.0|  1.2|  0.0|  0.0|  0.0|
      82681 1   4874|1|  | | | | | | | | | | | | | | | | | | | | | | | | |  5| 36.9|  2.0|  8.4|  3.0|  0.0| 53.8|  0.0|  0.0|  0.0|
      82681 1   5165|1|  | | | | | | | | | | | | | | | | | | | | | | | | |  5| 89.6|  2.0| 11.5|  3.0|  0.0|-11.4|  0.0|  0.0|  0.0|
      82681 1   5217|1|  | | | | | | | | | | | | | | | | | | | | | | | | |  2| 76.9|  2.0|  5.7|  0.0|  0.0| 13.3|  0.0|  0.0|  0.0|
      82681 1   5299|1|  | | | | | | | | | | | | | | | | | | | | | | | | |  5| 93.7|  2.0|  4.3|  3.0|  0.0| -3.6|  0.0|  0.0|  0.0|
      82681 1   5329|1|  | | | | | | | | | | | | | | | | | | | | | | | | |  7| 86.0|  2.0|  5.2|  5.0|  0.0|  1.4|  0.0|  0.0|  0.0|
      82681 1  10997|1|  | | | | | | | | | | | | | | | | | | | | | | | | |  6| 83.3|  2.0| 13.7|  4.0|  0.0|-11.0|  0.0|  0.0|  0.0|
      82681 1  11579|1|  | | | | | | | | | | | | | | | | | | | | | | | | |  3| 94.2|  2.0|  1.9|  1.0|  0.0|  2.1|  0.0|  0.0|  0.0|
      82681 1  11729|1|  | | | | | | | | | | | | | | | | | | | | | | | | |  2| 90.2|  2.0|  1.8|  0.0|  0.0| -1.4|  0.0|  0.0|  0.0|
      82681 1  11995|1|  | | | | | | | | | | | | | | | | | | | | | | | | |  3|  9.6|  2.0|  7.4|  1.0|  0.0| 81.5|  0.0|  0.0|  0.0|
      82681 1  12102|1|  | | | | | | | | | | | | | | | | | | | | | | | | |  3| 90.2|  2.0|  8.2|  1.0|  0.0| -8.1|  0.0|  0.0|  0.0|
      82682 1   2802|1|  | | | | | | | | | | | | | | | | | | | | | | | | |  2| 94.7|  2.0|  7.7|  0.0|  0.0| -7.0|  0.0|  0.0|  0.0|
      82682 1   2843|1|  | | | | | | | | | | | | | | | | | | | | | | | | |  7| 28.2|  2.0| 25.6|  5.0|  0.0| 57.8|  0.0|  0.0|  0.0|
      82682 1   3015|1|  | | | | | | | | | | | | | | | | | | | | | | | | |  2|  7.4|  2.0|  6.8|  0.0|  0.0| 83.7|  0.0|  0.0|  0.0|
