      82662 1   2822|1|  | | | | | | | | | | | | | | | | | | | | | | | | | 33| 57.8| 27.0|  8.5|  6.0|  0.0| 32.4|  0.0|  0.0|  0.0|
      82662 1   2857|1|  | | | | | | | | | | | | | | | | | | | | | | | | | 18| 52.6| 12.0|  2.9|  6.0|  0.0| 38.6|  0.0|  0.0|  0.0|
      82662 1   2878|1|  | | | | | | | | | | | | | | | | | | | | | | | | | 29| 72.2| 23.0| 13.8|  6.0|  0.0| 13.3|  0.0|  0.0|  0.0|
      82662 1   2881|1|  | | | | | | | | | | | | | | | | | | | | | | | | | 20| 67.2| 14.0| 15.9|  6.0|  0.0| 18.2|  0.0|  0.0|  0.0|
      82662 1   2887|1|  | | | | | | | | | | | | | | | | | | | | | | | | | 15| 71.6| 13.0|  2.2|  2.0|  0.0| 19.7|  0.0|  0.0|  0.0|
      82662 1   2888|1|  | | | | | | | | | | | | | | | | | | | | | | | | | 14| 59.5| 13.0| 16.4|  1.0|  0.0| 27.3|  0.0|  0.0|  0.0|
      82662 1   2889|1|  | | | | | | | | | | | | | | | | | | | | | | | | | 33| 65.5| 30.0| 10.0|  3.0|  0.0| 23.9|  0.0|  0.0|  0.0|
      82662 1   2905|1|  | | | | | | | | | | | | | | | | | | | | | | | | | 18| 70.1| 15.0| 13.4|  3.0|  0.0| 16.6|  0.0|  0.0|  0.0|
      82662 1   2915|1|  | | | | | | | | | | | | | | | | | | | | | | | | | 20| 55.1| 14.0|  8.9|  6.0|  0.0| 35.2|  0.0|  0.0|  0.0|
      82662 1   2923|1|  | | | | | | | | | | | | | | | | | | | | | | | | | 18| 71.3| 13.0| 23.1|  5.0|  0.0|-11.4|  0.0|  0.0|  0.0|
      82662 1   2931|1|  | | | | | | | | | | | | | | | | | | | | | | | | | 14| 66.4| 12.0|  9.1|  2.0|  0.0| 23.2|  0.0|  0.0|  0.0|
      82662 1   2960|1|  | | | | | | | | | | | | | | | | | | | | | | | | |  2|105.7|  2.0|  8.0|  0.0|  0.0| 11.9|  0.0|  0.0|  0.0|
      82662 1   2966|1|  | | | | | | | | | | | | | | | | | | | | | | | | | 23| 50.4| 15.0|  5.8|  8.0|  0.0| 40.6|  0.0|  0.0|  0.0|
      82662 1   2974|1|  | | | | | | | | | | | | | | | | | | | | | | | | | 17| 70.0| 12.0| 35.8|  5.0|  0.0|-28.7|  0.0|  0.0|  0.0|
      82662 1   2982|1|  | | | | | | | | | | | | | | | | | | | | | | | | | 18| 73.4| 12.0| 23.3|  6.0|  0.0|-14.9|  0.0|  0.0|  0.0|
      82662 1   3001|1|  | | | | | | | | | | | | | | | | | | | | | | | | | 17| 69.1| 15.0| 19.9|  2.0|  0.0|  9.8|  0.0|  0.0|  0.0|
      82662 1   3046|1|  | | | | | | | | | | | | | | | | | | | | | | | | |  2| 91.4|  2.0|  0.5|  0.0|  0.0| -0.5|  0.0|  0.0|  0.0|
      82662 1   3058|1|  | | | | | | | | | | | | | | | | | | | | | | | | | 18| 81.2| 15.0| 15.6|  3.0|  0.0|-11.9|  0.0|  0.0|  0.0|
      82662 1   3060|1|  | | | | | | | | | | | | | | | | | | | | | | | | |  2| 73.6|  2.0| 31.2|  0.0|  0.0|-25.7|  0.0|  0.0|  0.0|
      82662 1   3066|1|  | | | | | | | | | | | | | | | | | | | | | | | | | 17| 44.6| 14.0|  7.0|  3.0|  0.0| 46.2|  0.0|  0.0|  0.0|
      82662 1   3071|1|  | | | | | | | | | | | | | | | | | | | | | | | | | 21| 73.2| 14.0| 11.3|  7.0|  0.0| 14.3|  0.0|  0.0|  0.0|
      82662 1   3084|1|  | | | | | | | | | | | | | | | | | | | | | | | | | 28| 62.9| 23.0|  6.8|  5.0|  0.0| 27.6|  0.0|  0.0|  0.0|
      82662 1   3108|1|  | | | | | | | | | | | | | | | | | | | | | | | | |  8| 15.4|  7.0| 12.8|  1.0|  0.0| 74.8|  0.0|  0.0|  0.0|
      82662 1   3111|1|  | | | | | | | | | | | | | | | | | | | | | | | | | 21| 51.6| 14.0| 24.7|  7.0|  0.0| 31.1|  0.0|  0.0|  0.0|
      82662 1   3128|1|  | | | | | | | | | | | | | | | | | | | | | | | | | 13| 54.5| 10.0| 20.8|  3.0|  0.0| 30.4|  0.0|  0.0|  0.0|
      82662 1   3179|1|  | | | | | | | | | | | | | | | | | | | | | | | | | 18| 79.4| 15.0|  5.8|  3.0|  0.0| 10.5|  0.0|  0.0|  0.0|
      82662 1   3198|1|  | | | | | | | | | | | | | | | | | | | | | | | | | 15| 73.2|  8.0|  2.8|  7.0|  0.0| 17.9|  0.0|  0.0|  0.0|
      82662 1   3206|1|  | | | | | | | | | | | | | | | | | | | | | | | | | 13| 40.4|  9.0| 11.6|  4.0|  0.0| 49.6|  0.0|  0.0|  0.0|
      82662 1   3209|1|  | | | | | | | | | | | | | | | | | | | | | | | | | 29| 57.0| 26.0|  3.5|  3.0|  0.0| 34.2|  0.0|  0.0|  0.0|
      82662 1   3240|1|  | | | | | | | | | | | | | | | | | | | | | | | | | 16| 47.4| 12.0| 13.9|  4.0|  0.0| 41.7|  0.0|  0.0|  0.0|
      82662 1   3258|1|  | | | | | | | | | | | | | | | | | | | | | | | | | 13| 62.1|  8.0|  7.3|  5.0|  0.0| 28.3|  0.0|  0.0|  0.0|
      82662 1   3259|1|  | | | | | | | | | | | | | | | | | | | | | | | | | 11| 78.0|  5.0| 15.2|  6.0|  0.0| -7.3|  0.0|  0.0|  0.0|
      82662 1   3260|1|  | | | | | | | | | | | | | | | | | | | | | | | | | 30| 71.4| 21.0| 15.0|  9.0|  0.0| 13.1|  0.0|  0.0|  0.0|
      82662 1   3267|1|  | | | | | | | | | | | | | | | | | | | | | | | | | 20| 70.5| 18.0| 16.9|  2.0|  0.0| 12.2|  0.0|  0.0|  0.0|
      82662 1   3269|1|  | | | | | | | | | | | | | | | | | | | | | | | | | 16| 36.3| 11.0|  5.4|  5.0|  0.0| 54.8|  0.0|  0.0|  0.0|
      82662 1   3323|1|  | | | | | | | | | | | | | | | | | | | | | | | | |  3| 59.9|  2.0|  7.5|  1.0|  0.0| 30.6|  0.0|  0.0|  0.0|
      82662 1   3356|1|  | | | | | | | | | | | | | | | | | | | | | | | | | 17| 65.0| 16.0|  9.2|  1.0|  0.0| 24.7|  0.0|  0.0|  0.0|
      82662 1   3365|1|  | | | | | | | | | | | | | | | | | | | | | | | | | 21| 74.6| 12.0| 15.5|  9.0|  0.0|  6.3|  0.0|  0.0|  0.0|
      82662 1   3369|1|  | | | | | | | | | | | | | | | | | | | | | | | | | 19| 54.8| 16.0|  6.0|  3.0|  0.0| 36.1|  0.0|  0.0|  0.0|
      82662 1   3373|1|  | | | | | | | | | | | | | | | | | | | | | | | | | 20| 77.7| 13.0|  8.1|  7.0|  0.0| 11.0|  0.0|  0.0|  0.0|
      82662 1   3381|1|  | | | | | | | | | | | | | | | | | | | | | | | | | 16| 61.0| 12.0|  8.5|  4.0|  0.0| 29.1|  0.0|  0.0|  0.0|
      82662 1   3389|1|  | | | | | | | | | | | | | | | | | | | | | | | | | 17| 70.6| 11.0|  3.1|  6.0|  0.0| 20.5|  0.0|  0.0|  0.0|
      82662 1   3410|1|  | | | | | | | | | | | | | | | | | | | | | | | | | 13| 63.1|  9.0| 12.4|  4.0|  0.0| 25.4|  0.0|  0.0|  0.0|
      82662 1   3415|1|  | | | | | | | | | | | | | | | | | | | | | | | | | 19| 78.1| 11.0|  2.2|  8.0|  0.0| 13.1|  0.0|  0.0|  0.0|
      82662 1   3418|1|  | | | | | | | | | | | | | | | | | | | | | | | | | 24| 80.9| 14.0| 17.4| 10.0|  0.0|-13.9|  0.0|  0.0|  0.0|
      82662 1   3433|1|  | | | | | | | | | | | | | | | | | | | | | | | | | 25| 70.2| 20.0| 10.5|  5.0|  0.0| 18.4|  0.0|  0.0|  0.0|
      82662 1   3496|1|  | | | | | | | | | | | | | | | | | | | | | | | | | 19| 59.0| 16.0|  7.9|  3.0|  0.0| 31.4|  0.0|  0.0|  0.0|
      82662 1   3507|1|  | | | | | | | | | | | | | | | | | | | | | | | | | 10| 18.5|  7.0| 14.6|  3.0|  0.0| 71.4|  0.0|  0.0|  0.0|
      82662 1   3519|1|  | | | | | | | | | | | | | | | | | | | | | | | | |  3| 27.5|  2.0|  3.1|  1.0|  0.0| 63.8|  0.0|  0.0|  0.0|
      82662 1   3523|1|  | | | | | | | | | | | | | | | | | | | | | | | | |  3| 93.1|  2.0|  2.5|  1.0|  0.0| -1.9|  0.0|  0.0|  0.0|
      82662 1   3524|1|  | | | | | | | | | | | | | | | | | | | | | | | | | 10| 19.8|  8.0|  2.8|  2.0|  0.0| 71.5|  0.0|  0.0|  0.0|
      82662 1   3534|1|  | | | | | | | | | | | | | | | | | | | | | | | | | 13| 72.7| 10.0|  9.0|  3.0|  0.0| 16.4|  0.0|  0.0|  0.0|
      82662 1   3537|1|  | | | | | | | | | | | | | | | | | | | | | | | | | 20| 74.2| 18.0|  6.5|  2.0|  0.0| 15.9|  0.0|  0.0|  0.0|
      82662 1   3558|1|  | | | | | | | | | | | | | | | | | | | | | | | | | 15| 37.4| 13.0| 11.9|  2.0|  0.0| 52.6|  0.0|  0.0|  0.0|
      82662 1   3561|1|  | | | | | | | | | | | | | | | | | | | | | | | | | 13| 83.7| 10.0| 33.2|  3.0|  0.0|-32.3|  0.0|  0.0|  0.0|
      82662 1   3614|1|  | | | | | | | | | | | | | | | | | | | | | | | | | 17| 64.5| 10.0|  6.5|  7.0|  0.0| 26.1|  0.0|  0.0|  0.0|
      82662 1   3615|1|  | | | | | | | | | | | | | | | | | | | | | | | | | 20| 57.0| 16.0| 13.6|  4.0|  0.0| 31.5|  0.0|  0.0|  0.0|
      82662 1   3629|1|  | | | | | | | | | | | | | | | | | | | | | | | | | 17| 58.2| 13.0|  5.1|  4.0|  0.0| 32.8|  0.0|  0.0|  0.0|
      82662 1   3634|1|  | | | | | | | | | | | | | | | | | | | | | | | | | 14| 33.0| 11.0| 12.0|  3.0|  0.0| 57.1|  0.0|  0.0|  0.0|
      82662 1   3652|1|  | | | | | | | | | | | | | | | | | | | | | | | | | 15| 42.9| 14.0|  7.6|  1.0|  0.0| 47.8|  0.0|  0.0|  0.0|
      82662 1   3672|1|  | | | | | | | | | | | | | | | | | | | | | | | | | 17|115.3| 12.0| 19.8|  5.0|  0.0| 13.5|  0.0|  0.0|  0.0|
      82662 1   3682|1|  | | | | | | | | | | | | | | | | | | | | | | | | | 13| 48.7| 11.0|  5.4|  2.0|  0.0| 42.4|  0.0|  0.0|  0.0|
      82662 1   3697|1|  | | | | | | | | | | | | | | | | | | | | | | | | | 16|115.0| 12.0| 47.9|  4.0|  0.0|-41.6|  0.0|  0.0|  0.0|
      82662 1   3699|1|  | | | | | | | | | | | | | | | | | | | | | | | | | 20| 60.8| 12.0| 14.4|  8.0|  0.0| 26.9|  0.0|  0.0|  0.0|
      82662 1   3723|1|  | | | | | | | | | | | | | | | | | | | | | | | | | 23| 61.2| 15.0|  5.1|  8.0|  0.0| 29.7|  0.0|  0.0|  0.0|
      82662 1   3725|1|  | | | | | | | | | | | | | | | | | | | | | | | | | 17| 91.3| 13.0|  8.0|  4.0|  0.0| -8.0|  0.0|  0.0|  0.0|
      82662 1   3727|1|  | | | | | | | | | | | | | | | | | | | | | | | | | 16| 53.4| 13.0| 12.5|  3.0|  0.0| 35.9|  0.0|  0.0|  0.0|
      82662 1   3745|1|  | | | | | | | | | | | | | | | | | | | | | | | | | 19| 64.2| 15.0| 12.9|  4.0|  0.0| 23.9|  0.0|  0.0|  0.0|
      82662 1   3751|1|  | | | | | | | | | | | | | | | | | | | | | | | | | 14| 54.5| 11.0|  5.4|  3.0|  0.0| 36.5|  0.0|  0.0|  0.0|
      82662 1   3761|1|  | | | | | | | | | | | | | | | | | | | | | | | | |  4| 10.3|  2.0|  3.7|  2.0|  0.0| 80.9|  0.0|  0.0|  0.0|
      82662 1   3780|1|  | | | | | | | | | | | | | | | | | | | | | | | | | 18| 71.6| 13.0|  3.8|  5.0|  0.0| 19.4|  0.0|  0.0|  0.0|
      82662 1   3784|1|  | | | | | | | | | | | | | | | | | | | | | | | | | 26| 59.3| 20.0|  4.3|  6.0|  0.0| 31.8|  0.0|  0.0|  0.0|
      82662 1   3789|1|  | | | | | | | | | | | | | | | | | | | | | | | | | 15| 76.4| 12.0|  4.9|  3.0|  0.0| 14.1|  0.0|  0.0|  0.0|
      82662 1   3800|1|  | | | | | | | | | | | | | | | | | | | | | | | | | 20| 63.1| 16.0| 20.6|  4.0|  0.0| 19.3|  0.0|  0.0|  0.0|
      82662 1   3839|1|  | | | | | | | | | | | | | | | | | | | | | | | | | 17| 77.9| 13.0|  1.6|  4.0|  0.0| 13.4|  0.0|  0.0|  0.0|
      82662 1   3866|1|  | | | | | | | | | | | | | | | | | | | | | | | | | 27| 71.3| 20.0|  9.2|  7.0|  0.0| 17.9|  0.0|  0.0|  0.0|
      82662 1   3868|1|  | | | | | | | | | | | | | | | | | | | | | | | | | 23| 73.6| 19.0|  7.9|  4.0|  0.0| 15.8|  0.0|  0.0|  0.0|
      82662 1   3870|1|  | | | | | | | | | | | | | | | | | | | | | | | | | 16| 77.6| 15.0| 13.5|  1.0|  0.0|  2.8|  0.0|  0.0|  0.0|
      82662 1   3872|1|  | | | | | | | | | | | | | | | | | | | | | | | | | 20| 78.0| 17.0| 10.2|  3.0|  0.0|  8.6|  0.0|  0.0|  0.0|
      82662 1   3881|1|  | | | | | | | | | | | | | | | | | | | | | | | | | 27| 41.1| 20.0|  8.8|  7.0|  0.0| 49.5|  0.0|  0.0|  0.0|
      82662 1   3885|1|  | | | | | | | | | | | | | | | | | | | | | | | | | 26| 56.6| 21.0|  7.2|  5.0|  0.0| 34.0|  0.0|  0.0|  0.0|
      82662 1   3895|1|  | | | | | | | | | | | | | | | | | | | | | | | | |  2| 95.0|  2.0|  0.6|  0.0|  0.0|  3.6|  0.0|  0.0|  0.0|
      82662 1   3902|1|  | | | | | | | | | | | | | | | | | | | | | | | | | 21| 55.8| 17.0|  9.0|  4.0|  0.0| 34.4|  0.0|  0.0|  0.0|
      82662 1   3980|1|  | | | | | | | | | | | | | | | | | | | | | | | | |  2| 49.1|  2.0| 36.7|  0.0|  0.0| 21.0|  0.0|  0.0|  0.0|
      82662 1   3986|1|  | | | | | | | | | | | | | | | | | | | | | | | | | 21| 77.3| 15.0| 12.4|  6.0|  0.0|  6.8|  0.0|  0.0|  0.0|
      82662 1   4016|1|  | | | | | | | | | | | | | | | | | | | | | | | | | 21| 51.4| 19.0|  1.8|  2.0|  0.0| 39.9|  0.0|  0.0|  0.0|
      82662 1   4024|1|  | | | | | | | | | | | | | | | | | | | | | | | | | 12| 52.5|  9.0|  5.9|  3.0|  0.0| 38.4|  0.0|  0.0|  0.0|
      82662 1   4033|1|  | | | | | | | | | | | | | | | | | | | | | | | | | 14| 59.9|  8.0|  3.4|  6.0|  0.0| 31.3|  0.0|  0.0|  0.0|
      82662 1   4045|1|  | | | | | | | | | | | | | | | | | | | | | | | | | 15| 48.7|  8.0| 13.2|  7.0|  0.0| 40.5|  0.0|  0.0|  0.0|
      82662 1   4058|1|  | | | | | | | | | | | | | | | | | | | | | | | | | 17| 62.6| 15.0|  9.0|  2.0|  0.0| 27.3|  0.0|  0.0|  0.0|
      82662 1   4062|1|  | | | | | | | | | | | | | | | | | | | | | | | | |  3| 66.9|  2.0| 14.2|  1.0|  0.0| 20.0|  0.0|  0.0|  0.0|
      82662 1   4082|1|  | | | | | | | | | | | | | | | | | | | | | | | | |  2| 25.0|  2.0| 17.3|  0.0|  0.0| 64.1|  0.0|  0.0|  0.0|
      82662 1   4100|1|  | | | | | | | | | | | | | | | | | | | | | | | | | 15| 79.5| 11.0|  1.3|  4.0|  0.0| 11.8|  0.0|  0.0|  0.0|
      82662 1   4107|1|  | | | | | | | | | | | | | | | | | | | | | | | | | 24| 67.6| 22.0|  4.5|  2.0|  0.0| 23.4|  0.0|  0.0|  0.0|
      82662 1   4111|1|  | | | | | | | | | | | | | | | | | | | | | | | | | 16| 81.0| 12.0| 11.4|  4.0|  0.0| -4.6|  0.0|  0.0|  0.0|
      82662 1   4117|1|  | | | | | | | | | | | | | | | | | | | | | | | | | 15| 67.1| 13.0|  8.3|  2.0|  0.0| 22.8|  0.0|  0.0|  0.0|
      82662 1   4140|1|  | | | | | | | | | | | | | | | | | | | | | | | | |  3| 88.3|  3.0| 22.1|  0.0|  0.0|-21.9|  0.0|  0.0|  0.0|
      82662 1   4155|1|  | | | | | | | | | | | | | | | | | | | | | | | | | 29| 63.1| 27.0|  7.4|  2.0|  0.0| 27.3|  0.0|  0.0|  0.0|
      82662 1   4157|1|  | | | | | | | | | | | | | | | | | | | | | | | | | 14| 38.7| 12.0|  2.9|  2.0|  0.0| 52.6|  0.0|  0.0|  0.0|
      82662 1   4169|1|  | | | | | | | | | | | | | | | | | | | | | | | | | 16| 80.9| 11.0|  7.9|  5.0|  0.0|  6.8|  0.0|  0.0|  0.0|
